  x      sigx     y      sigy  
-11.3720 0.0773 -11.2060 0.0916 
-11.5392 0.0801 -11.1358 0.0811 
-11.3504 0.0932 -10.7226 0.1799 
-11.6768 0.0721 -11.1400 0.0985 
-11.7602 0.0696 -11.0807 0.0967 
-11.8649 0.0683 -11.1181 0.0912 
-11.9750 0.0678 -11.1372 0.0883 
-12.0765 0.0679 -11.1806 0.0905 
-10.9215 0.0681 -10.7897 0.0837 
-10.9777 0.0678 -10.7647 0.0689 
-11.0626 0.0683 -10.7609 0.0541 
-11.1353 0.0693 -10.7414 0.0499 
-11.2172 0.0703 -10.7295 0.0433 
-11.2923 0.0711 -10.7265 0.0420 
-11.3630 0.0719 -10.7189 0.0437 
-11.4361 0.0725 -10.7129 0.0433 
-11.5037 0.0730 -10.7055 0.0453 
-11.5717 0.0733 -10.7153 0.0510 
-11.6365 0.0735 -10.7229 0.0567 
-11.6993 0.0737 -10.7537 0.0655 
-11.7595 0.0737 -10.7957 0.0678 
-11.8182 0.0737 -10.8298 0.0665 
-11.0425 0.0679 -10.4323 0.1625 
-11.0483 0.0686 -10.4744 0.1624 
-11.0749 0.0690 -10.5142 0.1625 
-11.2748 0.0770 -10.8161 0.0446 
-11.3509 0.0679 -10.7378 0.0374 
-11.3923 0.0698 -10.7132 0.0334 
-11.4461 0.0733 -10.7179 0.0322 
-11.4723 0.0765 -10.7141 0.0312 
-11.4858 0.0789 -10.7298 0.0311 
-11.5355 0.0800 -10.7548 0.0311 
-11.6102 0.0805 -10.7852 0.0314 
-11.6860 0.0807 -10.8170 0.0327 
-11.7618 0.0808 -10.8726 0.0334 
-11.8345 0.0809 -10.9456 0.0396 
-10.9883 0.0700 -10.7551 0.1637 
-10.9694 0.0686 -10.7603 0.1578 
-10.9788 0.0679 -10.7925 0.1583 
-11.0106 0.0678 -10.8103 0.1581 
-11.0522 0.0681 -10.8076 0.1619 
-11.0881 0.0686 -10.8196 0.1562 
-11.1263 0.0690 -10.8138 0.1526 
-11.1635 0.0698 -10.7974 0.1457 
-11.1971 0.0707 -10.7933 0.1438 
-11.2298 0.0718 -10.8050 0.1447 
-11.2561 0.0727 -10.8066 0.1434 
-11.2795 0.0736 -10.7978 0.1423 
-11.2969 0.0746 -10.7959 0.1425 
-11.3082 0.0756 -10.8118 0.1426 
-11.3176 0.0766 -10.8191 0.1427 
-11.3325 0.0773 -10.8286 0.1427 
-11.3450 0.0780 -10.8502 0.1444 
-11.3662 0.0785 -10.8516 0.1451 
-11.3895 0.0789 -10.8577 0.1422 
-11.4256 0.0790 -10.8528 0.1474 
-11.4644 0.0790 -10.8808 0.1448 
-11.5065 0.0790 -10.8990 0.1420 
-11.5487 0.0789 -10.9194 0.1420 
-11.5904 0.0788 -10.9336 0.1421 
-11.6287 0.0787 -10.9569 0.1418 
-11.6702 0.0786 -10.9751 0.1425 
-10.7878 0.0731 -10.6647 0.0703 
-10.8630 0.0719 -10.6520 0.0678 
-10.9696 0.0712 -10.5868 0.0575 
-11.0006 0.0716 -10.5163 0.0555 
-11.0588 0.0719 -10.4484 0.0549 
-11.1179 0.0722 -10.5033 0.0582 
-11.1795 0.0719 -10.5303 0.0618 
-11.2307 0.0719 -10.5780 0.0646 
-11.2849 0.0726 -10.6722 0.0681 
-11.3855 0.0685 -10.7610 0.1420 
-11.3757 0.0686 -10.7357 0.1396 
-11.3881 0.0714 -10.8020 0.1395 
-11.4225 0.0733 -10.8484 0.1395 
-11.4918 0.0748 -10.9180 0.1397 
-11.5895 0.0756 -10.9677 0.1399 
-11.7080 0.0755 -10.9927 0.1393 
-10.4529 0.1057 -10.2592 0.1276 
-10.4756 0.1058 -10.1912 0.1220 
-10.5448 0.1060 -10.1146 0.1186 
-10.6031 0.1062 -10.1125 0.1196 
-10.6160 0.1061 -10.0503 0.1248 
-10.6114 0.1055 -10.0541 0.1144 
-10.5787 0.1037 -10.0355 0.1120 
-10.5416 0.1012 -10.0667 0.1109 
-10.5603 0.0980 -10.0948 0.1102 
-10.6056 0.0946 -10.1291 0.1100 
-10.6718 0.0918 -10.1712 0.1100 
-10.7362 0.0901 -10.2104 0.1099 
-10.6247 0.1092 -10.2043 0.1492 
-10.5102 0.1088 -10.2056 0.1401 
-10.4707 0.1071 -10.0928 0.1382 
-10.6183 0.1000 -10.1091 0.1347 
-10.6348 0.0956 -10.1518 0.1348 
-10.6500 0.0918 -10.1333 0.1337 
-10.6720 0.0896 -10.0881 0.1388 
-10.7672 0.0846 -10.1655 0.1355 
-10.8607 0.0805 -10.1963 0.1320 
-10.9431 0.0767 -10.2556 0.1320 
-10.9861 0.0736 -10.2930 0.1320 
-11.0133 0.0704 -10.3267 0.1320 
-11.0495 0.0690 -10.3573 0.1322 
-11.1316 0.0689 -10.3848 0.1360 
-11.1570 0.0748 -10.3794 0.1742 
-10.9873 0.0683 -10.2803 0.1688 
-11.0201 0.0696 -10.2411 0.1736 
-11.0838 0.0727 -10.3018 0.1532 
-11.1694 0.0753 -10.3280 0.1588 
-11.4677 0.0763 -10.4195 0.1530 
-9.8622 0.1086 -10.0980 0.0933 
-9.9548 0.1086 -9.8324 0.0723 
-9.9970 0.1086 -9.7941 0.0692 
-9.9906 0.1086 -9.5995 0.0683 
-9.9545 0.1086 -9.5400 0.0672 
-9.9394 0.1086 -9.5329 0.0669 
-9.9517 0.1086 -9.5127 0.0677 
-9.9515 0.1086 -9.5137 0.0659 
-9.9672 0.1086 -9.5714 0.0715 
-9.9929 0.1086 -9.5880 0.0666 
-10.0307 0.1086 -9.6350 0.0867 
-10.0703 0.1085 -9.6879 0.0793 
-10.1092 0.1079 -9.7216 0.0752 
-10.1693 0.1070 -9.7558 0.0739 
-10.2145 0.1053 -9.7893 0.0711 
-10.2453 0.1052 -9.8257 0.0716 
-10.2781 0.1039 -9.8616 0.0700 
-10.3332 0.1022 -9.8922 0.0682 
-10.3863 0.1014 -9.9334 0.0693 
-10.4471 0.1018 -9.9604 0.0693 
-10.5037 0.1007 -9.9886 0.0727 
-10.5463 0.0976 -10.0142 0.0769 
-10.5848 0.0940 -10.0286 0.0788 
-10.6282 0.0925 -10.0311 0.0695 
-10.6655 0.0909 -10.0480 0.0686 
-10.7072 0.0903 -10.0704 0.0688 
-10.7471 0.0898 -10.1030 0.0706 
-10.7816 0.0892 -10.1285 0.0700 
-11.4555 0.0688 -10.5554 0.1487 
-11.4455 0.0705 -10.5770 0.1354 
-11.4679 0.0734 -10.5946 0.1386 
-11.1571 0.1078 -10.7262 0.1926 
-11.0924 0.1075 -10.3854 0.2020 
-11.1003 0.1039 -10.3213 0.1970 
-11.1226 0.1013 -10.3343 0.1965 
-11.1240 0.0999 -10.3570 0.1972 
-11.1390 0.0735 -10.5187 0.1938 
-11.2503 0.0682 -10.5555 0.2051 
-11.0898 0.1086 -10.0662 0.1963 
-11.1007 0.1067 -10.0983 0.1946 
-11.1431 0.0991 -10.1292 0.1924 
-11.1928 0.0950 -10.1595 0.1919 
-9.8789 0.1083 -10.1091 0.1069 
-10.0385 0.1081 -10.1777 0.1009 
-10.2617 0.1076 -10.1620 0.1160 
-10.3319 0.1075 -10.1868 0.1211 
-10.5336 0.1067 -10.1255 0.0935 
-10.6431 0.1062 -10.1265 0.1017 
-10.7430 0.1056 -10.1465 0.0924 
-10.8680 0.1045 -10.1610 0.0918 
-11.0657 0.1029 -10.1986 0.0911 
-11.1907 0.1016 -10.2424 0.0909 
-11.4588 0.1002 -10.3644 0.0925 
-11.2563 0.0715 -10.5537 0.2796 
-11.2985 0.0682 -10.6073 0.2746 
-11.3297 0.0679 -10.6441 0.2735 
-11.4109 0.0689 -10.7044 0.2732 
-11.5418 0.0692 -10.7750 0.2733 
-10.9313 0.1081 -10.2940 0.1042 
-11.0465 0.1071 -10.2576 0.0974 
-11.1083 0.1053 -10.2765 0.1058 
-11.1411 0.1028 -10.3258 0.0939 
-11.1595 0.0995 -10.3727 0.0933 
-11.1927 0.0953 -10.4053 0.0927 
-11.2088 0.0908 -10.4392 0.0923 
-11.2407 0.0855 -10.4725 0.0920 
-11.2436 0.0813 -10.5030 0.0917 
-11.2407 0.0777 -10.5329 0.0924 
-11.2423 0.0747 -10.5656 0.0914 
-11.2490 0.0725 -10.5923 0.0943 
-11.5510 0.1159 -10.7262 0.1322 
-11.6117 0.1173 -10.5700 0.1429 
-11.6162 0.1195 -10.5329 0.1349 
-11.5921 0.1080 -10.5163 0.1314 
-11.5842 0.1025 -10.5311 0.1234 
-11.5479 0.0823 -10.5156 0.1207 
-11.5256 0.0734 -10.5419 0.1354 
-11.5134 0.0705 -10.5781 0.1347 
-11.3982 0.0732 -10.6460 0.1306 
-11.4385 0.0796 -10.8014 0.1281 
-11.1763 0.0989 -10.6019 0.1577 
-11.2116 0.0976 -10.6130 0.1562 
-11.2474 0.0957 -10.6349 0.1547 
-11.2512 0.0954 -10.6009 0.1454 
-11.3073 0.0914 -10.6730 0.1483 
-11.3232 0.0899 -10.6562 0.1524 
-11.3287 0.0876 -10.6633 0.1513 
-11.3864 0.0834 -10.6631 0.1503 
-11.7562 0.1086 -11.3931 0.0398 
-11.5628 0.0904 -11.0140 0.0412 
-11.5473 0.0871 -11.0109 0.0920 
-11.5514 0.0852 -10.9972 0.0842 
-11.5708 0.0819 -10.9389 0.0469 
-11.6113 0.0824 -10.9694 0.0424 
-11.5347 0.0799 -10.9988 0.0478 
-11.5126 0.0776 -10.9563 0.0375 
-11.5170 0.0770 -10.9576 0.0370 
-11.5040 0.0761 -10.9489 0.0491 
-11.4992 0.0757 -10.9379 0.0436 
-11.4822 0.0733 -10.9055 0.0395 
-11.4666 0.0710 -10.8746 0.0375 
-11.4766 0.0698 -10.8736 0.0498 
-11.4801 0.0688 -10.8758 0.0370 
-11.4873 0.0684 -10.8632 0.0399 
-11.4793 0.0680 -10.8360 0.0643 
-11.4771 0.0679 -10.8740 0.0785 
-11.5134 0.0679 -10.8777 0.0888 
-11.5089 0.0679 -10.8225 0.0399 
-11.4902 0.0681 -10.8463 0.0579 
-11.4922 0.0687 -10.8342 0.0707 
-9.3349 0.1046 -9.9077 0.0617 
-9.4889 0.1010 -9.7409 0.0666 
-9.6115 0.0966 -9.5986 0.0467 
-9.6837 0.0924 -9.5193 0.0455 
-9.7333 0.0885 -9.5449 0.0450 
-9.7990 0.0845 -9.5894 0.0455 
-9.8626 0.0810 -9.6018 0.0451 
-9.9045 0.0778 -9.6122 0.0452 
-9.9243 0.0768 -9.6426 0.0465 
-9.9411 0.0776 -9.6485 0.0482 
-9.9609 0.0791 -9.6829 0.0475 
-9.9855 0.0807 -9.7429 0.0501 
-10.0140 0.0821 -9.7711 0.0504 
-10.0434 0.0824 -9.8004 0.0467 
-10.0713 0.0824 -9.8033 0.0511 
-10.1071 0.0818 -9.8505 0.0487 
-10.1383 0.0810 -9.8430 0.0475 
-10.1577 0.0806 -9.8858 0.0470 
-10.1729 0.0803 -9.8901 0.0507 
-10.2034 0.0798 -9.8977 0.0468 
-10.2340 0.0796 -9.9150 0.0469 
-10.2577 0.0795 -9.9405 0.0487 
-10.2898 0.0794 -9.9777 0.0727 
-10.3209 0.0793 -9.9746 0.0671 
-10.3585 0.0791 -10.0436 0.0888 
-10.3967 0.0777 -10.0146 0.0556 
-10.4352 0.0756 -10.0885 0.0734 
-10.4608 0.0745 -10.0727 0.0895 
-10.4777 0.0738 -10.0907 0.0458 
-10.5269 0.0732 -10.1347 0.0517 
-10.5569 0.0731 -10.1173 0.0483 
-11.2830 0.0716 -10.9586 0.1594 
-11.2585 0.0724 -10.9105 0.1553 
-11.2407 0.0730 -10.8526 0.1520 
-11.2322 0.0734 -10.8029 0.1495 
-11.2344 0.0738 -10.7768 0.1479 
-11.2718 0.0736 -10.8354 0.1475 
-11.3170 0.0727 -10.8568 0.1469 
-11.3995 0.0727 -10.9168 0.1471 
-10.4146 0.1041 -9.7054 0.0834 
-10.4009 0.1037 -9.7334 0.0801 
-10.3923 0.1034 -9.7459 0.0731 
-10.3825 0.1031 -9.7605 0.0682 
-10.3741 0.1027 -9.7643 0.0726 
-10.3628 0.1024 -9.7706 0.0802 
-10.3597 0.1022 -9.7632 0.0861 
-10.3586 0.1018 -9.7885 0.0858 
-10.3653 0.1014 -9.7883 0.0895 
-10.3733 0.1009 -9.8013 0.0827 
-10.3880 0.1004 -9.7861 0.0822 
-10.4027 0.0997 -9.8186 0.0886 
-10.4175 0.0990 -9.8120 0.0756 
-10.4301 0.0983 -9.8245 0.0776 
-10.4428 0.0977 -9.8180 0.0808 
-10.4570 0.0968 -9.8354 0.0834 
-11.0214 0.0773 -10.3047 0.0403 
-11.1764 0.0761 -10.3676 0.0372 
-11.3225 0.0761 -10.4106 0.0501 
-11.4493 0.0768 -10.4585 0.0381 
-10.8042 0.0737 -10.6038 0.0650 
-10.8180 0.0724 -10.6113 0.0348 
-10.8317 0.0708 -10.5768 0.0546 
-10.8407 0.0690 -10.5268 0.0718 
-10.8500 0.0680 -10.5024 0.0605 
-10.8721 0.0678 -10.5090 0.0424 
-10.8970 0.0679 -10.5130 0.0267 
-10.9240 0.0681 -10.5367 0.0376 
-10.9507 0.0682 -10.5245 0.0380 
-10.9753 0.0682 -10.5250 0.0348 
-10.9987 0.0682 -10.5397 0.0554 
-11.0174 0.0682 -10.5604 0.0783 
-11.0437 0.0681 -10.5917 0.0531 
-11.0756 0.0680 -10.6044 0.0472 
-11.1097 0.0679 -10.6447 0.0631 
-11.1516 0.0678 -10.6698 0.0754 
-11.1906 0.0679 -10.6850 0.0483 
-11.2182 0.0681 -10.7085 0.0673 
-11.2393 0.0685 -10.7166 0.0352 
-11.2547 0.0694 -10.7456 0.0606 
-10.7605 0.1110 -10.4299 0.1536 
-10.7698 0.1102 -10.4049 0.1477 
-10.7828 0.1077 -10.4004 0.1445 
-10.7955 0.1044 -10.3787 0.1419 
-10.8133 0.1018 -10.3596 0.1400 
-10.8569 0.0993 -10.3503 0.1387 
-10.9074 0.0966 -10.3641 0.1347 
-10.9528 0.0944 -10.3877 0.1433 
-10.9963 0.0927 -10.4134 0.1375 
-11.0488 0.0908 -10.4555 0.1443 
-11.1025 0.0896 -10.4749 0.1518 
-11.2055 0.0871 -10.5019 0.1408 
-11.2365 0.0857 -10.5108 0.1366 
-11.2733 0.0839 -10.5213 0.1417 
-11.3315 0.0793 -10.5400 0.1507 
-11.3540 0.0768 -10.5478 0.1394 
-11.1171 0.1050 -10.4446 0.0343 
-11.0359 0.1043 -10.3520 0.0298 
-11.0237 0.1032 -10.2786 0.0524 
-11.0289 0.1016 -10.3029 0.0320 
-11.0242 0.0997 -10.3399 0.0393 
-11.0235 0.0973 -10.3780 0.0273 
-11.0236 0.0945 -10.4176 0.0291 
-11.0322 0.0936 -10.4461 0.0328 
-11.0504 0.0940 -10.4689 0.0433 
-11.0629 0.0927 -10.4719 0.0493 
-11.0693 0.0899 -10.4783 0.0593 
-11.0701 0.0861 -10.4905 0.0773 
-11.0643 0.0818 -10.4861 0.0763 
-11.0653 0.0791 -10.4810 0.0527 
-11.0682 0.0775 -10.4870 0.0289 
-11.0670 0.0757 -10.4867 0.0321 
-11.0667 0.0738 -10.4897 0.0527 
-11.0696 0.0723 -10.4906 0.0751 
-11.0753 0.0710 -10.4955 0.0834 
-11.0866 0.0701 -10.5084 0.0826 
-11.1055 0.0697 -10.5203 0.0780 
-11.1299 0.0695 -10.5397 0.0741 
-11.1616 0.0696 -10.5579 0.0788 
-11.1999 0.0698 -10.5684 0.0735 
-11.2390 0.0702 -10.5689 0.0671 
-11.2786 0.0707 -10.5931 0.0790 
-10.0746 0.1083 -9.8774 0.1357 
-10.3355 0.1049 -9.9803 0.1325 
-10.5203 0.0993 -10.0970 0.1325 
-10.6746 0.0935 -10.2394 0.1328 
-10.7851 0.0894 -10.3704 0.1329 
-10.8567 0.0829 -10.4587 0.1340 
-10.9267 0.0776 -10.4973 0.1357 
-11.0009 0.0757 -10.4714 0.1355 
-11.0396 0.0720 -10.4957 0.1349 
-11.0673 0.0696 -10.5248 0.1327 
-11.1108 0.0687 -10.5519 0.1325 
-11.1508 0.0682 -10.5800 0.1325 
-11.1996 0.0680 -10.6115 0.1330 
-11.2486 0.0679 -10.6495 0.1336 
-11.2971 0.0679 -10.6917 0.1374 
-11.3409 0.0678 -10.7275 0.1419 
-11.3808 0.0678 -10.7662 0.1434 
-11.4277 0.0678 -10.8098 0.1463 
-11.4816 0.0678 -10.8844 0.1342 
-11.5349 0.0679 -10.9054 0.1357 
-11.5806 0.0679 -10.8820 0.1540 
-11.6257 0.0680 -10.9064 0.1388 
-10.7759 0.1086 -10.2843 0.1769 
-10.8031 0.1086 -10.2862 0.1858 
-10.8145 0.1077 -10.3066 0.1736 
-10.8354 0.1037 -10.2901 0.1731 
-10.8727 0.1027 -10.2903 0.1729 
-10.9199 0.1028 -10.2206 0.1774 
-10.9634 0.1018 -10.2504 0.1828 
-10.9948 0.0977 -10.3041 0.1815 
-11.0366 0.0959 -10.3651 0.1721 
-11.0820 0.0945 -10.4109 0.1750 
-11.1025 0.0760 -10.4286 0.1891 
-11.1701 0.0706 -10.4979 0.1723 
-11.2599 0.0706 -10.5035 0.1827 
-11.2965 0.0703 -10.4949 0.1772 
-11.3436 0.0706 -10.5213 0.1702 
-11.3943 0.0710 -10.5548 0.1707 
-9.3303 0.1085 -9.3777 0.0617 
-9.3361 0.1085 -9.3779 0.0577 
-9.3500 0.1085 -9.1581 0.0508 
-9.3808 0.1085 -9.2096 0.0495 
-9.4372 0.1084 -9.2827 0.0490 
-9.9483 0.1069 -9.7946 0.0463 
-10.2422 0.1034 -10.0317 0.0510 
-10.4318 0.0996 -10.1956 0.0463 
-10.5449 0.0946 -10.2973 0.0445 
-10.6866 0.0916 -10.3966 0.0465 
-10.8385 0.0904 -10.4894 0.0475 
-10.9536 0.0880 -10.5436 0.0448 
-11.0271 0.0820 -10.5973 0.0561 
-8.7300 0.0947 -8.7147 0.0496 
-9.0517 0.0791 -9.2882 0.0585 
-9.1532 0.0860 -9.3472 0.0339 
-9.3170 0.0882 -9.4129 0.0278 
-9.4626 0.0893 -9.5042 0.0269 
-9.5823 0.0903 -9.5692 0.0265 
-9.6788 0.0912 -9.6315 0.0252 
-9.7720 0.0914 -9.6782 0.0255 
-9.8415 0.0916 -9.7256 0.0251 
-9.9253 0.0904 -9.7654 0.0243 
-9.9944 0.0892 -9.8042 0.0241 
-10.0557 0.0887 -9.8526 0.0237 
-10.1210 0.0865 -9.9021 0.0239 
-10.1688 0.0853 -9.9415 0.0238 
-10.2209 0.0839 -9.9748 0.0246 
-10.2752 0.0833 -10.0060 0.0282 
-10.3283 0.0835 -10.0563 0.0287 
-10.3771 0.0837 -10.0865 0.0285 
-10.4797 0.1066 -10.2584 0.1494 
-10.4854 0.1042 -10.2419 0.1415 
-10.5500 0.1012 -10.2813 0.1386 
-10.6087 0.0995 -10.3060 0.1393 
-10.6725 0.0972 -10.3154 0.1392 
-10.7813 0.0930 -10.3387 0.1360 
-10.8610 0.0893 -10.3457 0.1368 
-10.9184 0.0836 -10.3596 0.1358 
-10.9799 0.0804 -10.4289 0.1357 
-11.0424 0.0782 -10.4838 0.1354 
-11.1052 0.0766 -10.5179 0.1350 
-11.1560 0.0743 -10.5881 0.1352 
-11.1925 0.0724 -10.6133 0.1360 
-11.2321 0.0708 -10.6401 0.1350 
-11.2707 0.0698 -10.6541 0.1352 
-11.3055 0.0692 -10.6751 0.1347 
-11.3437 0.0688 -10.6757 0.1351 
-11.3801 0.0686 -10.6629 0.1361 
-11.4046 0.0681 -10.6857 0.1368 
-11.4510 0.0682 -10.6969 0.1371 
-11.4922 0.0682 -10.6852 0.1378 
-11.5493 0.0685 -10.6970 0.1375 
-11.5822 0.0684 -10.7379 0.1377 
-11.6156 0.0683 -10.7643 0.1378 
-11.6568 0.0685 -10.7798 0.1381 
-11.6968 0.0686 -10.7804 0.1370 
-11.7452 0.0690 -10.7887 0.1366 
-11.7555 0.0686 -10.7947 0.1367 
-11.7851 0.0685 -10.8099 0.1359 
-11.8151 0.0686 -10.8229 0.1355 
-11.8069 0.0680 -10.8137 0.1356 
-11.7519 0.0680 -10.8185 0.1352 
-11.7520 0.0683 -10.8473 0.1348 
-11.7177 0.0693 -10.8526 0.1349 
-11.6819 0.0705 -10.8485 0.1347 
-9.8800 0.1088 -9.8733 0.1200 
-10.0440 0.1092 -9.8707 0.1134 
-10.1241 0.1094 -9.8098 0.1175 
-10.1733 0.1096 -9.8693 0.1157 
-10.2332 0.1088 -9.9666 0.1278 
-10.2909 0.1078 -9.9678 0.1134 
-10.3544 0.1060 -10.0754 0.1151 
-10.3768 0.1046 -10.0506 0.1166 
-10.4572 0.1008 -10.1424 0.1120 
-10.5196 0.0986 -10.2160 0.1114 
-10.5815 0.0965 -10.2632 0.1114 
-10.6420 0.0944 -10.2892 0.1134 
-10.6965 0.0925 -10.3181 0.1142 
-10.7527 0.0907 -10.3582 0.1123 
-10.8011 0.0893 -10.3838 0.1120 
-10.8446 0.0880 -10.4079 0.1115 
-10.8876 0.0864 -10.4326 0.1114 
-10.9215 0.0844 -10.4648 0.1115 
-10.9520 0.0824 -10.4908 0.1115 
-10.9827 0.0805 -10.5120 0.1115 
-11.0086 0.0789 -10.5308 0.1115 
-11.0361 0.0774 -10.5595 0.1115 
-10.1091 0.1086 -9.8088 0.0684 
-10.0015 0.1082 -9.7747 0.0391 
-9.9448 0.1082 -9.7201 0.0382 
-9.9278 0.1082 -9.6683 0.0526 
-9.9488 0.1081 -9.6724 0.0360 
-9.9688 0.1081 -9.6591 0.0354 
-9.9983 0.1080 -9.6784 0.0370 
-10.0214 0.1079 -9.7261 0.0341 
-10.0385 0.1079 -9.7462 0.0344 
-10.0512 0.1078 -9.7641 0.0365 
-10.0611 0.1077 -9.7508 0.0370 
-10.0594 0.1076 -9.7499 0.0358 
-10.0655 0.1076 -9.7736 0.0349 
-10.0665 0.1076 -9.7739 0.0347 
-10.0631 0.1076 -9.7723 0.0352 
-10.0621 0.1076 -9.7976 0.0345 
-10.0651 0.1076 -9.8039 0.0339 
-10.0686 0.1076 -9.8085 0.0350 
-10.0720 0.1076 -9.8153 0.0365 
-10.0734 0.1075 -9.8436 0.0366 
-10.0873 0.1075 -9.8631 0.0349 
-10.1081 0.1074 -9.8799 0.0331 
-10.1305 0.1072 -9.9067 0.0335 
-10.1510 0.1070 -9.9151 0.0343 
-10.1741 0.1068 -9.9333 0.0334 
-10.1938 0.1066 -9.9492 0.0349 
-10.2127 0.1061 -9.9566 0.0397 
-10.2296 0.1056 -9.9636 0.0396 
-10.2434 0.1051 -9.9607 0.0418 
-10.2578 0.1045 -9.9845 0.0433 
-10.2670 0.1040 -9.9979 0.0433 
-10.2747 0.1034 -9.9939 0.0404 
-10.2828 0.1028 -9.9734 0.0377 
-10.2931 0.1021 -9.9617 0.0374 
-10.3004 0.1014 -9.9579 0.0414 
-10.3104 0.1007 -9.9542 0.0503 
-10.3236 0.1001 -9.9366 0.0493 
-10.3348 0.0994 -9.9466 0.0479 
-10.3887 0.0959 -9.9959 0.0508 
-10.4444 0.0936 -10.0201 0.0369 
-10.4988 0.0915 -10.0405 0.0320 
-10.5545 0.0894 -10.0708 0.0325 
-10.6089 0.0875 -10.0988 0.0321 
-10.6546 0.0850 -10.1312 0.0322 
-10.6959 0.0823 -10.1608 0.0321 
-10.7349 0.0798 -10.1890 0.0320 
-10.7681 0.0773 -10.2086 0.0334 
-10.7971 0.0752 -10.2263 0.0328 
-10.8251 0.0733 -10.2499 0.0339 
-10.8533 0.0720 -10.2791 0.0364 
-10.8752 0.0707 -10.3000 0.0331 
-10.8978 0.0697 -10.3135 0.0320 
-10.9213 0.0691 -10.3195 0.0328 
-10.9460 0.0687 -10.3377 0.0352 
-10.9685 0.0684 -10.3423 0.0365 
-10.9914 0.0681 -10.3529 0.0364 
-11.0183 0.0680 -10.3694 0.0388 
-11.0464 0.0680 -10.3850 0.0405 
-11.0723 0.0679 -10.4003 0.0361 
-11.0973 0.0679 -10.4086 0.0322 
-11.1223 0.0679 -10.4227 0.0324 
-11.1482 0.0679 -10.4430 0.0322 
-11.1743 0.0678 -10.4500 0.0354 
-11.2021 0.0679 -10.4628 0.0417 
-11.2287 0.0679 -10.4626 0.0405 
-11.2562 0.0679 -10.4749 0.0518 
-11.2828 0.0679 -10.4930 0.0627 
-11.3096 0.0679 -10.5176 0.0603 
-11.3311 0.0679 -10.5225 0.0516 
-11.3466 0.0678 -10.5205 0.0480 
-11.3621 0.0678 -10.5377 0.0464 
-11.3767 0.0678 -10.5547 0.0378 
-9.5275 0.0883 -9.3973 0.0525 
-9.7796 0.0970 -9.5979 0.0327 
-10.0886 0.0980 -9.7991 0.0331 
-10.2693 0.0974 -9.9495 0.0335 
-10.4856 0.0954 -10.1776 0.0657 
-10.6517 0.0941 -10.1701 0.0523 
-10.7963 0.0939 -10.3389 0.0574 
-10.9230 0.0944 -10.5004 0.0633 
-11.1267 0.0946 -10.5413 0.0600 
-11.2124 0.0946 -10.6103 0.0616 
-11.2898 0.0947 -10.6707 0.0736 
-9.2975 0.0859 -9.1162 0.0722 
-9.3545 0.0836 -9.1202 0.0698 
-9.4063 0.0812 -9.1424 0.0623 
-9.4505 0.0796 -9.1682 0.0598 
-9.4899 0.0784 -9.1963 0.0597 
-9.5251 0.0776 -9.2337 0.0622 
-9.5585 0.0771 -9.2510 0.0621 
-9.5907 0.0768 -9.2639 0.0673 
-9.6189 0.0768 -9.2851 0.0629 
-9.6403 0.0769 -9.3063 0.0603 
-9.6604 0.0772 -9.3236 0.0619 
-9.6792 0.0775 -9.3352 0.0610 
-9.6973 0.0778 -9.3656 0.0804 
-9.7126 0.0782 -9.3794 0.0859 
-9.7296 0.0785 -9.3907 0.0618 
-9.7497 0.0788 -9.4039 0.0619 
-9.7689 0.0790 -9.4257 0.0669 
-9.7904 0.0791 -9.4366 0.0645 
-9.8132 0.0790 -9.4532 0.0638 
-9.8319 0.0790 -9.4706 0.0681 
-9.8493 0.0790 -9.4879 0.0681 
-9.8659 0.0790 -9.4962 0.0626 
-9.8819 0.0790 -9.5123 0.0657 
-9.8985 0.0789 -9.5283 0.0646 
-9.9525 0.0780 -9.5612 0.0585 
-10.0687 0.0765 -9.6386 0.0585 
-10.1858 0.0768 -9.7271 0.0586 
-10.2876 0.0771 -9.8047 0.0597 
-10.3683 0.0747 -9.8512 0.0597 
-10.4239 0.0713 -9.8933 0.0597 
-10.4889 0.0697 -9.9375 0.0597 
-10.5670 0.0700 -9.9818 0.0587 
-10.6400 0.0699 -10.0265 0.0587 
-10.7000 0.0696 -10.0547 0.0587 
-10.7536 0.0687 -10.0863 0.0588 
-10.7949 0.0670 -10.1222 0.0588 
-10.8285 0.0652 -10.1535 0.0580 
-10.8579 0.0639 -10.2006 0.0580 
-10.8916 0.0629 -10.2329 0.0580 
-10.9274 0.0624 -10.2577 0.0581 
-10.9675 0.0623 -10.2686 0.0589 
-11.0099 0.0625 -10.2774 0.0589 
-11.0548 0.0628 -10.2838 0.0588 
-11.0935 0.0629 -10.2865 0.0588 
-11.1231 0.0626 -10.3161 0.0588 
-11.1408 0.0619 -10.3285 0.0588 
-11.1555 0.0611 -10.3293 0.0598 
-11.1694 0.0605 -10.3479 0.0598 
-11.1874 0.0602 -10.3569 0.0612 
-11.2094 0.0600 -10.3564 0.0610 
-9.1319 0.1086 -9.2572 0.1426 
-9.2163 0.1086 -9.2560 0.1400 
-9.2864 0.1086 -9.3017 0.1391 
-9.3422 0.1085 -9.2197 0.1369 
-9.3394 0.1083 -9.2595 0.1345 
-9.3069 0.1082 -9.2912 0.1344 
-9.3176 0.1081 -9.2879 0.1328 
-9.3372 0.1079 -9.3296 0.1328 
-9.3842 0.1077 -9.3710 0.1328 
-9.4468 0.1075 -9.4048 0.1324 
-9.5866 0.1067 -9.5098 0.1321 
-9.7255 0.1063 -9.6053 0.1321 
-9.8591 0.1061 -9.6932 0.1321 
-9.9738 0.1057 -9.7597 0.1319 
-10.0709 0.1053 -9.8195 0.1319 
-10.1566 0.1044 -9.8652 0.1319 
-10.2310 0.1023 -9.9153 0.1319 
-10.2966 0.1000 -9.9619 0.1319 
-10.3636 0.0990 -10.0011 0.1321 
-10.4301 0.0990 -10.0466 0.1325 
-10.4920 0.0989 -10.0902 0.1326 
-10.5503 0.0984 -10.1274 0.1339 
-10.6040 0.0981 -10.1584 0.1339 
-10.6564 0.0982 -10.1786 0.1326 
-10.7047 0.0980 -10.2113 0.1326 
-10.7502 0.0978 -10.2383 0.1326 
-10.7939 0.0978 -10.2595 0.1326 
-10.8347 0.0975 -10.2987 0.1326 
-10.8728 0.0972 -10.3325 0.1327 
-10.9099 0.0970 -10.3559 0.1327 
-10.9429 0.0963 -10.3494 0.1332 
-10.9751 0.0958 -10.3760 0.1374 
-11.1524 0.0860 -10.0949 0.0898 
-11.2391 0.0845 -10.1700 0.0967 
-11.3027 0.0816 -10.2512 0.0979 
-11.3506 0.0779 -10.2575 0.0863 
-11.3842 0.0742 -10.2845 0.0879 
-11.4160 0.0718 -10.3491 0.0966 
-11.4538 0.0705 -10.3806 0.0940 
-11.4967 0.0699 -10.3890 0.0957 
-11.5887 0.0693 -10.4538 0.0964 
-11.6173 0.0688 -10.4976 0.0819 
-11.6319 0.0682 -10.4935 0.0799 
-11.6367 0.0678 -10.5328 0.0764 
-11.6432 0.0679 -10.5776 0.0846 
-11.6674 0.0680 -10.5707 0.0836 
-11.6823 0.0682 -10.5717 0.0956 
-11.6935 0.0685 -10.5823 0.0947 
-11.7058 0.0689 -10.6012 0.0882 
-11.7137 0.0693 -10.5893 0.0748 
-11.7275 0.0696 -10.5911 0.0725 
-11.7369 0.0701 -10.6142 0.0705 
-11.7558 0.0703 -10.6170 0.0795 
-9.0623 0.1011 -8.9086 0.0866 
-9.1103 0.0952 -9.0647 0.0864 
-9.1822 0.0901 -9.1201 0.0862 
-9.2182 0.0871 -9.1586 0.0851 
-9.2806 0.0835 -9.2859 0.0846 
-9.3480 0.0803 -9.3468 0.0860 
-9.4170 0.0778 -9.3590 0.0880 
-9.4819 0.0762 -9.4198 0.0851 
-9.5402 0.0755 -9.4989 0.0858 
-9.5858 0.0756 -9.5952 0.0890 
-9.6367 0.0760 -9.6293 0.0864 
-9.6681 0.0763 -9.5838 0.0902 
-9.6938 0.0764 -9.6405 0.0873 
-9.8012 0.0770 -9.7173 0.0922 
-9.8452 0.0772 -9.6864 0.0912 
-9.8920 0.0772 -9.7010 0.0881 
-9.9660 0.0774 -9.7621 0.0896 
-10.0724 0.0757 -9.8381 0.0895 
-10.1464 0.0745 -9.8973 0.0915 
-10.2304 0.0715 -9.9825 0.0981 
-10.3105 0.0701 -10.0639 0.0981 
-10.3933 0.0697 -10.1192 0.0958 
-10.4674 0.0697 -10.1793 0.0931 
-10.5890 0.0675 -10.3267 0.0941 
-10.4741 0.1045 -10.2896 0.1192 
-10.4505 0.1044 -10.2581 0.1106 
-10.4292 0.1036 -10.2084 0.1035 
-10.4101 0.1026 -10.1617 0.0984 
-10.3932 0.1024 -10.1275 0.0985 
-10.3766 0.1017 -10.1034 0.0997 
-10.3561 0.1012 -10.0803 0.1027 
-10.3264 0.1010 -10.1097 0.1036 
-10.2951 0.1003 -10.1008 0.1023 
-10.2701 0.0988 -10.0315 0.0988 
-10.2366 0.0967 -9.9625 0.0954 
-10.2016 0.0954 -9.9375 0.0939 
-10.1772 0.0938 -9.9320 0.0960 
-10.1551 0.0924 -9.9306 0.0988 
-10.1361 0.0911 -9.9229 0.1010 
-10.1196 0.0895 -9.9129 0.1024 
-10.1116 0.0883 -9.8964 0.0991 
-10.1119 0.0863 -9.8855 0.0935 
-10.1756 0.0864 -9.9274 0.0960 
-10.2357 0.0849 -9.9157 0.0971 
-10.2854 0.0841 -9.9835 0.1026 
-9.8327 0.1084 -9.4004 0.1064 
-9.7618 0.1083 -9.4429 0.0938 
-9.9742 0.1073 -9.7419 0.0798 
-10.2093 0.1037 -9.9254 0.0707 
-10.3910 0.0984 -10.0792 0.0708 
-10.5764 0.0923 -10.1840 0.0682 
-10.7006 0.0872 -10.2669 0.0682 
-10.8005 0.0822 -10.3421 0.0682 
-10.9024 0.0787 -10.4043 0.0688 
-11.0052 0.0773 -10.5005 0.0690 
-12.0079 0.0811 -11.1069 0.0650 
-11.5023 0.0684 -10.8287 0.0482 
-11.4452 0.0678 -10.7312 0.0660 
-11.4070 0.0680 -10.6764 0.0541 
-11.3893 0.0681 -10.6391 0.0873 
-11.4149 0.0688 -10.6483 0.0713 
-11.4316 0.0692 -10.5929 0.0884 
-11.4458 0.0690 -10.5950 0.0791 
-11.4510 0.0687 -10.6061 0.0700 
-11.4586 0.0689 -10.5983 0.0676 
-11.4955 0.0694 -10.6011 0.0635 
-11.5320 0.0699 -10.6214 0.0605 
-11.5444 0.0706 -10.6115 0.0532 
-11.5550 0.0708 -10.6127 0.0503 
-11.5613 0.0711 -10.6060 0.0448 
-11.5677 0.0715 -10.6075 0.0445 
-11.5662 0.0721 -10.6056 0.0530 
-11.5648 0.0725 -10.5960 0.0550 
-11.5829 0.0727 -10.6194 0.0572 
-11.6087 0.0736 -10.6393 0.0552 
-11.6336 0.0743 -10.6429 0.0528 
-10.2612 0.1086 -10.0120 0.0974 
-10.3025 0.1086 -10.0212 0.0889 
-10.3529 0.1086 -9.9713 0.0535 
-10.3525 0.1086 -9.9959 0.0653 
-10.3289 0.1086 -9.9796 0.0765 
-10.3047 0.1086 -9.9687 0.0728 
-10.2851 0.1085 -9.9731 0.0603 
-10.2810 0.1084 -9.9915 0.0620 
-10.2755 0.1083 -9.9648 0.0591 
-10.2763 0.1081 -9.9600 0.0543 
-10.2763 0.1079 -9.9723 0.0487 
-10.2790 0.1077 -9.9778 0.0465 
-10.2829 0.1075 -9.9824 0.0494 
-10.2899 0.1073 -9.9930 0.0465 
-10.3063 0.1070 -10.0013 0.0468 
-10.3336 0.1067 -10.0094 0.0471 
-10.4175 0.1054 -10.0600 0.0495 
-10.4925 0.1036 -10.1050 0.0494 
-10.5469 0.1015 -10.1274 0.0476 
-10.5882 0.0994 -10.1517 0.0475 
-10.6278 0.0972 -10.1841 0.0475 
-10.7220 0.0930 -10.2452 0.0475 
-10.8351 0.0893 -10.3260 0.0476 
-10.9277 0.0863 -10.3784 0.0476 
-10.9913 0.0832 -10.4164 0.0476 
-11.0597 0.0807 -10.4648 0.0476 
-11.1205 0.0785 -10.5179 0.0476 
-11.1718 0.0756 -10.5596 0.0476 
-11.2156 0.0733 -10.5985 0.0477 
-11.2647 0.0724 -10.6389 0.0477 
-11.3181 0.0720 -10.6618 0.0477 
-11.3568 0.0711 -10.6811 0.0477 
-11.3876 0.0700 -10.7066 0.0477 
-11.4171 0.0693 -10.7249 0.0476 
-11.4424 0.0687 -10.7403 0.0476 
-11.4608 0.0682 -10.7622 0.0494 
-11.5000 0.0682 -10.7872 0.0494 
-8.9715 0.1087 -8.9200 0.1545 
-9.0073 0.1087 -8.9230 0.1369 
-9.0353 0.1088 -8.9539 0.1364 
-9.0924 0.1088 -9.0248 0.1365 
-9.1423 0.1089 -9.0492 0.1337 
-9.1801 0.1089 -9.0820 0.1353 
-9.2003 0.1089 -9.1074 0.1346 
-9.2285 0.1089 -9.1381 0.1369 
-9.2420 0.1089 -9.1547 0.1403 
-9.2609 0.1089 -9.1568 0.1415 
-9.2892 0.1089 -9.2025 0.1372 
-9.3261 0.1089 -9.2401 0.1380 
-9.3555 0.1090 -9.2719 0.1357 
-9.3827 0.1090 -9.3103 0.1424 
-9.4025 0.1090 -9.3185 0.1341 
-9.4219 0.1089 -9.3458 0.1375 
-9.4367 0.1087 -9.3720 0.1391 
-9.4567 0.1086 -9.3820 0.1364 
-9.4701 0.1084 -9.3939 0.1374 
-9.4859 0.1083 -9.4051 0.1351 
-9.5006 0.1081 -9.4194 0.1353 
-9.5214 0.1080 -9.4449 0.1355 
-9.5428 0.1079 -9.4538 0.1368 
-9.5706 0.1077 -9.4710 0.1534 
-9.6258 0.1073 -9.5017 0.1434 
-9.6518 0.1072 -9.5242 0.1400 
-9.7028 0.1071 -9.5640 0.1568 
-9.7280 0.1070 -9.5740 0.1505 
-9.8130 0.1067 -9.6232 0.1531 
-10.0680 0.1026 -9.7904 0.1386 
-10.2395 0.0979 -9.8891 0.1386 
-10.3826 0.0950 -9.9861 0.1339 
-10.5070 0.0935 -10.0517 0.1339 
-10.6328 0.0934 -10.1106 0.1388 
-10.0532 0.1086 -10.0162 0.0878 
-10.0801 0.1086 -10.0149 0.0772 
-10.1314 0.1080 -10.0105 0.0709 
-10.1920 0.1049 -10.0002 0.0677 
-10.3023 0.1018 -10.0903 0.0694 
-10.3902 0.0985 -10.1671 0.0696 
-10.4579 0.0930 -10.2474 0.0698 
-10.5502 0.0873 -10.3656 0.0707 
-10.8305 0.0850 -10.4403 0.0699 
-11.0303 0.0849 -10.4784 0.0846 
-11.1140 0.0849 -10.5119 0.0844 
-11.1845 0.0847 -10.5561 0.1020 
-11.2195 0.0769 -10.5886 0.0874 
-11.3349 0.0708 -10.6212 0.0799 
-11.4459 0.0683 -10.6820 0.0778 
-11.5341 0.0679 -10.7760 0.0787 
-11.6048 0.0686 -10.8287 0.0770 
-11.6691 0.0697 -10.7785 0.0694 
-11.7247 0.0708 -10.7878 0.0666 
-11.7467 0.0725 -10.8197 0.0659 
-11.7572 0.0743 -10.7747 0.0613 
-11.7586 0.0759 -10.7566 0.0587 
-11.7868 0.0780 -10.7665 0.0562 
-11.8254 0.0793 -10.8002 0.0549 
-11.8370 0.0807 -10.8130 0.0536 
-11.8604 0.0815 -10.8200 0.0525 
-11.8863 0.0822 -10.8288 0.0517 
-11.9264 0.0825 -10.8404 0.0514 
-11.9683 0.0828 -10.8711 0.0524 
-12.0150 0.0829 -10.9053 0.0548 
-12.0589 0.0831 -10.9091 0.0632 
-10.0429 0.1030 -9.9828 0.0845 
-10.2772 0.0978 -10.0798 0.0730 
-10.4697 0.0910 -10.1394 0.0730 
-10.6314 0.0863 -10.2291 0.0684 
-10.7735 0.0836 -10.3295 0.0687 
-10.9065 0.0829 -10.4358 0.0700 
-11.0366 0.0807 -10.5299 0.0781 
-11.5997 0.0702 -10.8265 0.0955 
-11.6706 0.0700 -10.8848 0.0981 
-11.7307 0.0699 -10.9533 0.1014 
-10.0343 0.1086 -9.7404 0.0859 
-10.0846 0.1076 -9.7288 0.0751 
-10.1054 0.1063 -9.7604 0.0699 
-10.0901 0.1056 -9.8004 0.0669 
-10.0459 0.1053 -9.8564 0.0668 
-10.0454 0.1049 -9.8878 0.0648 
-10.0762 0.1046 -9.9284 0.0663 
-10.1073 0.1043 -9.9639 0.0654 
-10.1439 0.1039 -10.0056 0.0654 
-10.2085 0.1034 -10.0484 0.0671 
-10.2662 0.1031 -10.0886 0.0703 
-9.4124 0.1068 -9.4072 0.0774 
-9.6817 0.1070 -9.5523 0.0741 
-9.8439 0.1049 -9.6331 0.0718 
-10.0415 0.0983 -9.7757 0.0705 
-10.1954 0.0940 -9.8953 0.0712 
-10.3466 0.0938 -9.9785 0.0733 
-10.4951 0.0929 -10.0636 0.0768 
-10.6309 0.0907 -10.1692 0.0898 
-10.7294 0.0888 -10.2364 0.0876 
-10.8052 0.0862 -10.3238 0.0962 
-10.6768 0.1086 -10.3389 0.0913 
-10.6439 0.1086 -10.1722 0.0863 
-10.5903 0.1064 -10.0248 0.0714 
-10.5499 0.1033 -10.0711 0.0669 
-10.5239 0.1040 -10.0873 0.0661 
-10.5273 0.1056 -10.0956 0.0666 
-10.5459 0.1025 -10.1053 0.0660 
-10.5749 0.1008 -10.1300 0.0647 
-10.6241 0.1004 -10.1628 0.0655 
-10.6529 0.0962 -10.1982 0.0657 
-10.6941 0.0942 -10.2422 0.0646 
-10.7369 0.0915 -10.2709 0.0645 
-10.7839 0.0902 -10.3019 0.0645 
-10.8523 0.0909 -10.3338 0.0684 
-10.9014 0.0887 -10.3539 0.0683 
-10.9659 0.0875 -10.3879 0.0770 
-9.6197 0.1083 -9.5501 0.0748 
-9.6675 0.1072 -9.5833 0.0719 
-9.7204 0.1053 -9.6697 0.0731 
-9.8549 0.1023 -9.7380 0.0736 
-9.9671 0.0997 -9.7950 0.0796 
-10.0809 0.0966 -9.8404 0.0870 
-9.7147 0.1086 -9.5181 0.0707 
-9.8291 0.1086 -9.5937 0.0669 
-9.9141 0.1086 -9.6643 0.0649 
-9.9538 0.1083 -9.7333 0.0653 
-10.0178 0.1072 -9.8088 0.0646 
-10.0928 0.1054 -9.8787 0.0653 
-10.1768 0.1035 -9.9331 0.0653 
-10.2794 0.1023 -10.0198 0.0724 
-10.4492 0.1065 -10.0033 0.0865 
-10.4572 0.1064 -10.0033 0.0881 
-10.4676 0.1031 -10.0162 0.0754 
-10.5089 0.1012 -10.0470 0.0697 
-10.4772 0.0997 -10.0798 0.0688 
-10.4762 0.0980 -10.0956 0.0679 
-10.5480 0.0945 -10.1053 0.0658 
-10.6293 0.0912 -10.1300 0.0722 
-10.7130 0.0903 -10.1757 0.0683 
-10.0763 0.1086 -9.6638 0.0529 
-10.1452 0.1084 -9.7857 0.0516 
-10.2668 0.1048 -9.8838 0.0503 
-10.3847 0.1003 -9.9840 0.0503 
-10.5425 0.0961 -10.0858 0.0500 
-10.6918 0.0952 -10.2284 0.0539 
-10.8146 0.0946 -10.2792 0.0505 
-10.9254 0.0937 -10.3427 0.0519 
-11.0191 0.0923 -10.4028 0.0565 
-10.3656 0.1027 -10.1859 0.0808 
-10.4169 0.1003 -10.1808 0.0837 
-10.4816 0.0984 -10.1746 0.0768 
-10.5307 0.0956 -10.1540 0.0716 
-10.5681 0.0925 -10.1256 0.0697 
-10.6006 0.0896 -10.1630 0.0694 
-10.6474 0.0860 -10.2223 0.0697 
-10.7174 0.0858 -10.2848 0.0701 
-10.7887 0.0863 -10.3366 0.0664 
-9.8201 0.0816 -9.6356 0.0746 
-9.8487 0.0839 -9.6996 0.0643 
-9.8874 0.0851 -9.7539 0.0629 
-9.9306 0.0860 -9.7952 0.0618 
-9.9731 0.0866 -9.8315 0.0618 
-10.0260 0.0868 -9.8693 0.0618 
-10.0909 0.0864 -9.9175 0.0681 
-10.1605 0.0856 -9.9647 0.0707 
-10.2321 0.0849 -10.0038 0.0686 
-10.2990 0.0839 -10.0324 0.0665 
-10.3533 0.0831 -10.0565 0.0647 
-10.4026 0.0823 -10.0844 0.0666 
-10.4488 0.0815 -10.1302 0.0772 
-10.4993 0.0807 -10.2405 0.0739 
-10.5423 0.0804 -10.2657 0.0684 
-10.5835 0.0802 -10.2737 0.0659 
-10.6302 0.0801 -10.2844 0.0657 
-10.6683 0.0802 -10.3015 0.0657 
-10.7050 0.0802 -10.3182 0.0657 
-10.7444 0.0801 -10.3367 0.0657 
-10.7772 0.0801 -10.3417 0.0656 
-10.8093 0.0802 -10.3361 0.0654 
-10.8389 0.0802 -10.3453 0.0653 
-10.8712 0.0798 -10.3717 0.0654 
-10.8967 0.0795 -10.3900 0.0655 
-10.9204 0.0789 -10.3929 0.0654 
-10.9402 0.0778 -10.4005 0.0653 
-10.9638 0.0769 -10.3997 0.0652 
-10.9875 0.0768 -10.4018 0.0651 
-11.0107 0.0767 -10.4035 0.0669 
-11.0380 0.0767 -10.4167 0.0716 
-11.0610 0.0769 -10.4275 0.0650 
-11.0832 0.0769 -10.4382 0.0650 
-11.1079 0.0769 -10.4599 0.0651 
-11.1273 0.0767 -10.4898 0.0653 
-11.1515 0.0773 -10.5200 0.0791 
-10.0500 0.1086 -9.9045 0.0928 
-10.1478 0.1078 -9.9164 0.0842 
-10.1086 0.1063 -9.9250 0.0805 
-10.1281 0.1038 -10.0162 0.0774 
-10.2596 0.1009 -10.1343 0.0833 
-10.3738 0.0981 -10.2060 0.0911 
-11.0243 0.0757 -10.6939 0.1083 
-11.0001 0.0691 -10.6578 0.1050 
-9.8005 0.1068 -9.9248 0.0881 
-9.9085 0.1072 -9.8239 0.0773 
-9.9853 0.1052 -9.8356 0.0691 
-10.0366 0.1038 -9.9098 0.0688 
-10.1404 0.1024 -9.9676 0.0672 
-10.2674 0.1019 -10.0147 0.0767 
-9.8226 0.1086 -9.7663 0.0882 
-9.7414 0.1075 -9.7896 0.0749 
-9.7776 0.1054 -9.8275 0.0691 
-9.9308 0.1022 -9.9097 0.0680 
-10.0464 0.0994 -10.0036 0.0702 
-10.1431 0.0968 -10.0943 0.0688 
-10.2716 0.0943 -10.1676 0.0715 
-10.3808 0.0925 -10.2341 0.0691 
-10.4746 0.0913 -10.2954 0.0681 
-10.5663 0.0904 -10.3085 0.0754 
-10.6661 0.0897 -10.3403 0.0722 
-10.0032 0.1081 -9.7476 0.0975 
-10.0686 0.1075 -9.6929 0.0752 
-10.0575 0.1069 -9.6792 0.0689 
-10.0013 0.1067 -9.6885 0.0676 
-9.9794 0.1065 -9.7179 0.0655 
-9.9923 0.1061 -9.7576 0.0661 
-10.0755 0.1055 -9.8041 0.0668 
-10.1530 0.1050 -9.8587 0.0647 
-10.2436 0.1044 -9.9050 0.0635 
-10.3308 0.1037 -9.9427 0.0630 
-10.4019 0.1028 -9.9823 0.0642 
-10.4543 0.1018 -10.0224 0.0649 
-10.5083 0.1003 -10.0729 0.0659 
-10.5593 0.0987 -10.1135 0.0647 
-10.6126 0.0970 -10.1557 0.0689 
-10.6556 0.0951 -10.1937 0.0683 
-10.7002 0.0930 -10.2286 0.0694 
-10.7388 0.0920 -10.2296 0.0743 
-10.7853 0.0919 -10.2570 0.0682 
-10.8269 0.0919 -10.3160 0.0681 
-10.8726 0.0918 -10.3950 0.0702 
-10.9164 0.0919 -10.4147 0.0740 
-10.9580 0.0922 -10.4335 0.0782 
-10.9944 0.0924 -10.4437 0.0784 
-9.4380 0.0807 -9.4003 0.0995 
-9.8856 0.0851 -9.6286 0.0757 
-10.2127 0.0841 -9.8689 0.0838 
-10.6910 0.0822 -10.2960 0.0901 
-9.6249 0.1003 -9.6416 0.0840 
-9.7333 0.1027 -9.6421 0.0716 
-9.8305 0.1035 -9.7268 0.0676 
-9.9089 0.1031 -9.8235 0.0684 
-10.0459 0.0996 -9.9337 0.0671 
-10.1760 0.0947 -10.0178 0.0666 
-10.2974 0.0937 -10.0946 0.0676 
-10.4072 0.0928 -10.1551 0.0678 
-10.4862 0.0898 -10.2103 0.0699 
-10.5720 0.0891 -10.2564 0.0684 
-10.6566 0.0889 -10.2846 0.0681 
-10.7083 0.0855 -10.3101 0.0679 
-10.7766 0.0853 -10.3375 0.0741 
-10.8440 0.0859 -10.3675 0.0807 
-10.9065 0.0864 -10.4048 0.0883 
-10.9629 0.0867 -10.4264 0.0881 
-10.6616 0.1001 -10.1432 0.0880 
-10.7389 0.0979 -10.1675 0.0829 
-10.7368 0.0947 -10.1599 0.0764 
-10.7448 0.0889 -10.2148 0.0757 
-10.7583 0.0874 -10.2497 0.0747 
-10.7707 0.0873 -10.2744 0.0737 
-10.7724 0.0842 -10.2936 0.0729 
-10.7734 0.0813 -10.3161 0.0763 
-10.8208 0.0798 -10.3502 0.0760 
-10.8781 0.0770 -10.4186 0.0747 
-10.9083 0.0728 -10.4616 0.0749 
-10.9851 0.0725 -10.4890 0.0729 
-11.0479 0.0725 -10.5324 0.0716 
-11.1017 0.0718 -10.5702 0.0701 
-11.1373 0.0706 -10.5900 0.0733 
-11.1904 0.0703 -10.6036 0.0733 
-11.2464 0.0707 -10.6357 0.0718 
-11.2738 0.0697 -10.6669 0.0720 
-11.3191 0.0694 -10.6837 0.0735 
-11.3686 0.0695 -10.6913 0.0996 
-9.1970 0.1056 -9.7395 0.0940 
-9.2179 0.1049 -9.5773 0.0758 
-9.2930 0.1038 -9.6037 0.0692 
-9.4384 0.1018 -9.6487 0.0673 
-9.5720 0.0986 -9.7226 0.0673 
-9.6835 0.0945 -9.7458 0.0675 
-9.7815 0.0915 -9.7989 0.0674 
-9.8599 0.0879 -9.8359 0.0677 
-9.9504 0.0875 -9.8724 0.0691 
-10.0363 0.0877 -9.9096 0.0670 
-10.1108 0.0873 -9.9472 0.0654 
-10.1787 0.0869 -9.9914 0.0663 
-10.2406 0.0869 -10.0363 0.0683 
-10.3038 0.0868 -10.0824 0.0676 
-10.3575 0.0869 -10.1279 0.0689 
-10.4136 0.0870 -10.1654 0.0701 
-10.4644 0.0866 -10.1918 0.0735 
-10.5096 0.0858 -10.2117 0.0841 
-10.2350 0.1073 -10.0570 0.1566 
-10.2446 0.1053 -10.0389 0.1401 
-10.2547 0.1048 -10.0665 0.1367 
-10.3013 0.1043 -10.1161 0.1388 
-10.3601 0.1028 -10.1564 0.1377 
-10.4139 0.1010 -10.2096 0.1373 
-10.4712 0.0992 -10.2381 0.1370 
-10.5237 0.0970 -10.2554 0.1355 
-10.5567 0.0956 -10.2715 0.1351 
-10.5857 0.0947 -10.2904 0.1347 
-10.6263 0.0935 -10.3149 0.1361 
-10.6742 0.0901 -10.3386 0.1360 
-10.7171 0.0864 -10.3513 0.1345 
-10.7563 0.0836 -10.3703 0.1330 
-10.7986 0.0819 -10.3878 0.1324 
-10.8398 0.0806 -10.4111 0.1319 
-10.8743 0.0791 -10.4332 0.1324 
-10.9011 0.0771 -10.4472 0.1328 
-10.9280 0.0752 -10.4603 0.1339 
-10.9568 0.0740 -10.4795 0.1346 
-10.9783 0.0728 -10.5049 0.1356 
-10.9947 0.0715 -10.5225 0.1364 
-11.0109 0.0705 -10.5395 0.1364 
-11.0294 0.0696 -10.5722 0.1366 
-11.0406 0.0690 -10.5786 0.1380 
-11.0586 0.0685 -10.5958 0.1381 
-11.0763 0.0683 -10.6176 0.1371 
-11.0966 0.0681 -10.6389 0.1374 
-11.1196 0.0681 -10.6599 0.1379 
-8.6561 0.0863 -8.7459 0.0764 
-8.8566 0.0783 -8.9446 0.0684 
-9.0152 0.0726 -9.0454 0.0569 
-9.1080 0.0721 -9.1020 0.0487 
-9.1760 0.0725 -9.1844 0.0923 
-9.2355 0.0737 -9.1926 0.0875 
-9.3064 0.0755 -9.2571 0.0862 
-9.3752 0.0774 -9.3115 0.0865 
-9.4315 0.0793 -9.3581 0.0859 
-9.5094 0.0820 -9.4150 0.0848 
-9.5761 0.0841 -9.4663 0.0843 
-9.6437 0.0852 -9.5136 0.0838 
-9.7020 0.0860 -9.5561 0.0833 
-9.7537 0.0868 -9.5976 0.0833 
-9.8101 0.0872 -9.6387 0.0829 
-9.8732 0.0875 -9.6735 0.0826 
-9.9384 0.0878 -9.7024 0.0827 
-8.6039 0.1005 -8.7424 0.1466 
-9.0973 0.0780 -9.1865 0.1364 
-9.3856 0.0778 -9.3764 0.1339 
-9.6210 0.0789 -9.5156 0.1338 
-9.8082 0.0792 -9.6207 0.1338 
-9.9374 0.0788 -9.6997 0.1323 
-10.1209 0.0788 -9.8165 0.1307 
-10.2634 0.0790 -9.9114 0.1304 
-10.3903 0.0771 -9.9819 0.1304 
-10.4910 0.0748 -10.0507 0.1304 
-10.5732 0.0730 -10.1000 0.1304 
-10.6275 0.0708 -10.1398 0.1304 
-10.6893 0.0683 -10.1770 0.1304 
-10.7557 0.0666 -10.2316 0.1307 
-10.8272 0.0662 -10.2713 0.1307 
-10.9027 0.0665 -10.3469 0.1308 
-10.9657 0.0665 -10.4117 0.1308 
-11.0286 0.0667 -10.4758 0.1309 
-11.0883 0.0668 -10.4949 0.1309 
-11.1407 0.0668 -10.5246 0.1309 
-11.1893 0.0667 -10.5393 0.1314 
-11.2378 0.0666 -10.5541 0.1321 
-9.1846 0.1085 -9.2257 0.0794 
-9.2838 0.1085 -9.3230 0.0698 
-9.3513 0.1085 -9.3761 0.0656 
-9.4717 0.1085 -9.4778 0.0670 
-9.5538 0.1085 -9.5653 0.0652 
-9.6164 0.1084 -9.6108 0.0652 
-9.6651 0.1079 -9.6426 0.0651 
-9.7029 0.1075 -9.6803 0.0651 
-9.7597 0.1071 -9.7262 0.0651 
-9.8129 0.1065 -9.7598 0.0651 
-9.8621 0.1060 -9.7971 0.0654 
-10.0538 0.1046 -9.9219 0.0655 
-10.2045 0.1000 -10.0169 0.0651 
-10.3422 0.0982 -10.1096 0.0675 
-10.4855 0.0976 -10.1898 0.0653 
-10.6146 0.0980 -10.2747 0.0676 
-10.7263 0.0981 -10.3535 0.0693 
-10.8177 0.0964 -10.4182 0.0653 
-10.8954 0.0943 -10.4692 0.0661 
-10.9615 0.0917 -10.5167 0.0676 
-11.0350 0.0918 -10.5469 0.0766 
-11.0912 0.0899 -10.5840 0.0686 
-11.1425 0.0881 -10.6188 0.0651 
-11.1837 0.0860 -10.6456 0.0657 
-11.2320 0.0851 -10.6722 0.0666 
-11.2805 0.0848 -10.7217 0.0672 
-11.3324 0.0853 -10.7554 0.0695 
-9.1881 0.1086 -8.9818 0.1180 
-9.5167 0.1086 -9.2839 0.1144 
-9.6827 0.1086 -9.4610 0.1127 
-9.7784 0.1086 -9.5904 0.1121 
-9.8694 0.1086 -9.6830 0.1121 
-9.9217 0.1086 -9.7381 0.1115 
-9.9523 0.1082 -9.8172 0.1115 
-9.9897 0.1067 -9.9006 0.1114 
-10.0703 0.1043 -9.9593 0.1114 
-10.1329 0.1020 -10.0307 0.1114 
-10.2080 0.1000 -10.0929 0.1114 
-10.3113 0.0992 -10.1666 0.1115 
-10.4118 0.0985 -10.2411 0.1115 
-10.5042 0.0983 -10.3345 0.1116 
-10.5852 0.0981 -10.3975 0.1116 
-10.6719 0.0979 -10.4270 0.1121 
-10.7492 0.0982 -10.4554 0.1121 
-10.8187 0.0985 -10.4941 0.1122 
-10.8809 0.0985 -10.4976 0.1136 
-10.3434 0.1083 -10.0578 0.1369 
-10.3255 0.1081 -10.0676 0.1353 
-10.3609 0.1079 -10.2384 0.1360 
-10.4007 0.1076 -10.3206 0.1353 
-10.4355 0.1073 -10.3571 0.1435 
-10.4655 0.1069 -10.3797 0.1534 
-10.5095 0.1064 -10.3542 0.1499 
-10.5442 0.1062 -10.3688 0.1393 
-10.5727 0.1062 -10.3970 0.1349 
-10.6285 0.1062 -10.3493 0.1352 
-10.6981 0.1028 -10.3107 0.1333 
-10.7792 0.1002 -10.2955 0.1357 
-10.8177 0.0958 -10.3393 0.1419 
-10.8642 0.0887 -10.3811 0.1392 
-10.9276 0.0824 -10.3889 0.1366 
-10.9812 0.0768 -10.3900 0.1360 
-11.0475 0.0733 -10.4175 0.1347 
-11.1025 0.0704 -10.4519 0.1354 
-11.1370 0.0686 -10.4799 0.1350 
-11.1751 0.0680 -10.5083 0.1334 
-11.2176 0.0678 -10.5531 0.1330 
-11.2579 0.0679 -10.5980 0.1353 
-11.3004 0.0680 -10.6265 0.1353 
-9.9870 0.1086 -9.5301 0.0332 
-10.0347 0.1086 -9.6824 0.0328 
-10.0811 0.1086 -9.7502 0.0270 
-10.1512 0.1074 -9.8469 0.0270 
-10.2556 0.1059 -9.9449 0.0238 
-10.3436 0.1041 -10.0079 0.0238 
-10.4178 0.1001 -10.0622 0.0238 
-10.4873 0.0946 -10.1401 0.0352 
-10.5837 0.0950 -10.1896 0.0353 
-10.6530 0.0917 -10.2118 0.0239 
-10.6960 0.0856 -10.2924 0.0240 
-10.7681 0.0855 -10.3432 0.0240 
-10.8160 0.0825 -10.3795 0.0240 
-10.8826 0.0827 -10.4177 0.0241 
-10.9294 0.0809 -10.4213 0.0240 
-10.9879 0.0811 -10.4517 0.0256 
-11.0336 0.0801 -10.4805 0.0257 
-11.0779 0.0794 -10.4959 0.0302 
-11.1063 0.0774 -10.5303 0.0304 
-9.8482 0.0777 -9.3417 0.1140 
-9.9424 0.0775 -9.3922 0.1121 
-10.0203 0.0787 -9.3968 0.1112 
-10.0668 0.0814 -9.4250 0.1119 
-10.0954 0.0844 -9.4603 0.1121 
-10.1082 0.0878 -9.4787 0.1115 
-10.1244 0.0907 -9.4778 0.1104 
-10.1381 0.0930 -9.5115 0.1118 
-10.1446 0.0948 -9.5363 0.1116 
-10.1427 0.0966 -9.5409 0.1137 
-10.1444 0.0980 -9.5739 0.1136 
-10.1566 0.0985 -9.5962 0.1137 
-10.1717 0.0988 -9.6255 0.1137 
-10.1891 0.0989 -9.6475 0.1134 
-10.2036 0.0990 -9.6843 0.1126 
-10.2279 0.0987 -9.7238 0.1134 
-10.2510 0.0985 -9.7469 0.1108 
-10.2706 0.0984 -9.7781 0.1109 
-10.2924 0.0983 -9.7966 0.1104 
-10.3164 0.0980 -9.8292 0.1101 
-10.3492 0.0975 -9.8459 0.1102 
-10.3747 0.0971 -9.8413 0.1102 
-10.3982 0.0966 -9.8712 0.1103 
-10.4181 0.0961 -9.8924 0.1101 
-10.4385 0.0955 -9.9008 0.1114 
-10.4616 0.0949 -9.9052 0.1104 
-10.4808 0.0943 -9.9099 0.1104 
-10.5010 0.0939 -9.9369 0.1108 
-10.5175 0.0935 -9.9555 0.1113 
-10.5428 0.0932 -9.9580 0.1103 
-10.6125 0.0937 -10.0198 0.1103 
-10.6844 0.0920 -10.0724 0.1104 
-10.7383 0.0910 -10.1202 0.1104 
-10.0786 0.1092 -9.9204 0.1411 
-10.0313 0.1094 -9.7251 0.1439 
-9.9834 0.1095 -9.5741 0.1364 
-10.0391 0.1097 -9.5759 0.1325 
-10.0845 0.1099 -9.6645 0.1329 
-10.1110 0.1101 -9.7192 0.1324 
-10.1180 0.1101 -9.7240 0.1326 
-10.1154 0.1100 -9.6814 0.1333 
-10.1014 0.1098 -9.6622 0.1322 
-10.0868 0.1096 -9.6765 0.1318 
-10.0756 0.1093 -9.6947 0.1317 
-10.0731 0.1090 -9.7212 0.1316 
-10.0795 0.1087 -9.7391 0.1317 
-10.1002 0.1083 -9.7884 0.1319 
-10.1302 0.1079 -9.8309 0.1322 
-10.1700 0.1073 -9.8790 0.1354 
-10.2048 0.1066 -9.9171 0.1334 
-10.2278 0.1059 -9.9009 0.1335 
-10.2498 0.1052 -9.9402 0.1317 
-10.3978 0.1001 -10.0589 0.1335 
-10.5447 0.0927 -10.1735 0.1336 
-10.5887 0.0896 -10.1895 0.1328 
-10.6256 0.0865 -10.2030 0.1324 
-10.6635 0.0837 -10.2245 0.1322 
-10.7077 0.0814 -10.2360 0.1320 
-10.7504 0.0799 -10.2513 0.1324 
-10.7930 0.0786 -10.2764 0.1326 
-10.8289 0.0778 -10.2912 0.1331 
-10.8720 0.0771 -10.3031 0.1329 
-10.9129 0.0765 -10.3137 0.1332 
-10.9535 0.0760 -10.3396 0.1340 
-10.9850 0.0756 -10.3457 0.1349 
-11.0186 0.0749 -10.3593 0.1365 
-11.0528 0.0745 -10.3722 0.1355 
-11.0862 0.0742 -10.4052 0.1366 
-11.1123 0.0739 -10.4412 0.1394 
-11.1408 0.0734 -10.4794 0.1410 
-11.1702 0.0732 -10.5006 0.1390 
-11.1957 0.0728 -10.5442 0.1352 
-11.1997 0.0714 -10.5338 0.1326 
-11.2559 0.0731 -10.5309 0.1325 
-11.2945 0.0738 -10.5729 0.1421 
-11.3255 0.0744 -10.5449 0.1381 
-11.3558 0.0746 -10.5915 0.1329 
-9.0040 0.1049 -9.1271 0.0898 
-9.1564 0.1011 -9.1091 0.0608 
-9.2876 0.0968 -9.2264 0.0608 
-9.3902 0.0926 -9.3592 0.0607 
-9.4802 0.0886 -9.4573 0.0612 
-9.5472 0.0855 -9.5567 0.0617 
-9.6101 0.0827 -9.6203 0.0618 
-9.6727 0.0806 -9.6241 0.0634 
-9.7363 0.0787 -9.6708 0.0651 
-9.7885 0.0768 -9.7379 0.0676 
-9.8352 0.0754 -9.7419 0.0733 
-9.8803 0.0741 -9.8023 0.0669 
-9.9157 0.0729 -9.8285 0.0613 
-9.9431 0.0722 -9.8915 0.0683 
-9.9696 0.0718 -9.8864 0.0688 
-9.9933 0.0716 -9.9070 0.0630 
-10.0352 0.0716 -9.9364 0.0639 
-10.0636 0.0721 -9.9471 0.0788 
-10.1609 0.0734 -10.0322 0.0633 
-10.2794 0.0729 -10.0887 0.0648 
-10.3925 0.0723 -10.1458 0.0660 
-10.4932 0.0715 -10.2331 0.0627 
-10.5651 0.0697 -10.2689 0.0612 
-9.7878 0.1077 -9.6712 0.0492 
-9.8357 0.1075 -9.7645 0.0281 
-10.0087 0.1067 -9.8285 0.0275 
-10.1858 0.1060 -9.9024 0.0273 
-10.3380 0.1048 -9.9818 0.0273 
-10.4625 0.1025 -10.0781 0.0275 
-10.5689 0.1006 -10.1436 0.0276 
-10.6556 0.0989 -10.1949 0.0276 
-10.7335 0.0968 -10.2407 0.0276 
-10.8084 0.0947 -10.2896 0.0244 
-10.8736 0.0924 -10.3275 0.0244 
-10.9280 0.0905 -10.3543 0.0244 
-10.9816 0.0889 -10.3799 0.0244 
-11.0297 0.0868 -10.4091 0.0244 
-11.0729 0.0848 -10.4291 0.0243 
-11.1115 0.0828 -10.4622 0.0244 
-11.1547 0.0811 -10.4972 0.0244 
-11.1956 0.0803 -10.5275 0.0244 
-11.2363 0.0798 -10.5342 0.0244 
-11.2735 0.0793 -10.5621 0.0244 
-11.3056 0.0783 -10.5894 0.0277 
-11.3432 0.0776 -10.6107 0.0277 
-11.3780 0.0774 -10.6287 0.0277 
-11.4140 0.0775 -10.6536 0.0278 
-11.4454 0.0772 -10.6626 0.0277 
-11.4747 0.0768 -10.6862 0.0278 
-11.5063 0.0764 -10.6886 0.0276 
-11.5348 0.0763 -10.7110 0.0324 
-11.5619 0.0761 -10.7028 0.0375 
-11.5900 0.0761 -10.7390 0.0790 
-9.8763 0.0876 -9.4541 0.1116 
-10.0888 0.0954 -9.6599 0.1109 
-10.2915 0.0975 -9.8556 0.1100 
-10.4614 0.0960 -9.9912 0.1097 
-10.5996 0.0927 -10.1153 0.1091 
-10.7298 0.0891 -10.2054 0.1091 
-10.8454 0.0861 -10.2959 0.1091 
-10.9395 0.0825 -10.3674 0.1091 
-11.0298 0.0802 -10.4234 0.1091 
-11.1213 0.0798 -10.4633 0.1091 
-11.1879 0.0774 -10.4812 0.1091 
-11.2531 0.0759 -10.5032 0.1091 
-11.3247 0.0762 -10.5504 0.1098 
-11.3976 0.0772 -10.5815 0.1103 
-10.6744 0.0754 -9.8583 0.1388 
-8.1843 0.1077 -8.3987 0.1436 
-8.8982 0.0993 -9.0096 0.1489 
-9.2222 0.0862 -9.2481 0.1378 
-9.3670 0.0791 -9.3215 0.1376 
-9.4866 0.0766 -9.4696 0.1389 
-9.5792 0.0782 -9.5471 0.1439 
-9.6342 0.0816 -9.5788 0.1453 
-9.6556 0.0858 -9.6363 0.1398 
-9.6927 0.0877 -9.6543 0.1375 
-9.7289 0.0901 -9.6883 0.1368 
-9.7665 0.0916 -9.6872 0.1367 
-9.8004 0.0929 -9.6906 0.1364 
-9.8176 0.0939 -9.6874 0.1366 
-9.8361 0.0953 -9.6918 0.1366 
-9.8525 0.0960 -9.7101 0.1377 
-9.8584 0.0967 -9.7304 0.1384 
-9.8852 0.0968 -9.7489 0.1370 
-9.9181 0.0964 -9.7739 0.1376 
-9.9463 0.0962 -9.7950 0.1384 
-9.9662 0.0958 -9.8141 0.1376 
-9.9988 0.0950 -9.8470 0.1376 
-10.0281 0.0946 -9.8633 0.1366 
-10.0685 0.0940 -9.8840 0.1363 
-10.1077 0.0931 -9.9092 0.1363 
-10.1339 0.0926 -9.9329 0.1366 
-10.1596 0.0925 -9.9564 0.1366 
-10.1806 0.0927 -9.9845 0.1371 
-10.2109 0.0928 -10.0064 0.1366 
-10.2393 0.0928 -10.0226 0.1366 
-10.2685 0.0927 -10.0488 0.1366 
-10.2896 0.0928 -10.0552 0.1366 
-10.3183 0.0929 -10.0547 0.1366 
-10.3448 0.0926 -10.0693 0.1366 
-10.3697 0.0921 -10.0781 0.1366 
-10.3934 0.0914 -10.0967 0.1366 
-10.4099 0.0907 -10.1116 0.1395 
-10.4309 0.0899 -10.1242 0.1395 
-10.4505 0.0886 -10.1368 0.1420 
-10.4684 0.0874 -10.1387 0.1434 
-10.4867 0.0863 -10.1553 0.1435 
-10.4999 0.0855 -10.1790 0.1437 
-10.5239 0.0855 -10.2109 0.1425 
-10.5493 0.0858 -10.2322 0.1411 
-10.5722 0.0858 -10.2536 0.1428 
-10.5868 0.0854 -10.2668 0.1428 
-10.6380 0.0905 -10.2823 0.1446 
-10.6586 0.0903 -10.3032 0.1468 
-10.6780 0.0900 -10.3184 0.1469 
-10.6970 0.0898 -10.3333 0.1471 
-10.7119 0.0896 -10.3406 0.1471 
-10.7302 0.0893 -10.3497 0.1451 
-10.7480 0.0891 -10.3421 0.1488 
-10.7659 0.0889 -10.3565 0.1512 
-10.7789 0.0887 -10.3576 0.1560 
-9.1132 0.0893 -9.2271 0.0906 
-9.1513 0.0935 -9.2464 0.0656 
-9.1815 0.0964 -9.2698 0.0530 
-9.2386 0.0978 -9.3239 0.0483 
-9.2978 0.0988 -9.3653 0.0482 
-9.3406 0.0997 -9.3978 0.0481 
-9.3981 0.1001 -9.4389 0.0481 
-9.4491 0.1005 -9.4763 0.0481 
-9.5534 0.1007 -9.5434 0.0481 
-9.6658 0.1005 -9.6082 0.0482 
-9.7513 0.1002 -9.6836 0.0497 
-9.8259 0.0997 -9.7317 0.0498 
-9.8975 0.0989 -9.7771 0.0498 
-9.9573 0.0980 -9.8228 0.0499 
-10.0140 0.0970 -9.8650 0.0473 
-10.0705 0.0963 -9.9123 0.0464 
-10.1219 0.0956 -9.9498 0.0464 
-10.1633 0.0949 -9.9869 0.0464 
-10.2006 0.0935 -10.0098 0.0464 
-10.2334 0.0923 -10.0277 0.0464 
-10.2679 0.0913 -10.0478 0.0464 
-10.3090 0.0902 -10.0668 0.0464 
-10.3484 0.0889 -10.0809 0.0463 
-10.3818 0.0881 -10.1069 0.0464 
-10.4224 0.0881 -10.1303 0.0464 
-10.4604 0.0882 -10.1526 0.0464 
-10.4959 0.0879 -10.1634 0.0464 
-10.5316 0.0880 -10.1769 0.0464 
-10.5681 0.0883 -10.1936 0.0464 
-10.6007 0.0888 -10.2008 0.0473 
-10.6357 0.0892 -10.2346 0.0474 
-10.6672 0.0894 -10.2495 0.0487 
-10.6956 0.0891 -10.2530 0.0486 
-10.7231 0.0889 -10.2743 0.0486 
-10.7515 0.0893 -10.2733 0.0516 
-10.7813 0.0894 -10.2962 0.0558 
-10.0876 0.1081 -9.8857 0.1492 
-10.1228 0.1079 -9.9174 0.1499 
-10.1528 0.1073 -9.9419 0.1439 
-10.1734 0.1067 -9.9366 0.1409 
-10.1812 0.1060 -9.9480 0.1374 
-10.1851 0.1054 -9.9426 0.1372 
-10.1738 0.1048 -9.9408 0.1379 
-10.1638 0.1043 -9.9315 0.1380 
-10.1614 0.1036 -9.9408 0.1393 
-10.1857 0.1026 -9.9240 0.1392 
-10.2134 0.1013 -9.9243 0.1364 
-10.2312 0.0997 -9.9411 0.1384 
-10.2473 0.0981 -9.9744 0.1438 
-10.2670 0.0963 -9.9804 0.1492 
-10.2898 0.0947 -9.9861 0.1515 
-10.3135 0.0929 -9.9759 0.1487 
-10.3339 0.0910 -9.9414 0.1408 
-10.3609 0.0906 -9.9764 0.1435 
-10.3884 0.0901 -9.9808 0.1415 
-10.4161 0.0896 -9.9837 0.1399 
-10.4442 0.0886 -10.0170 0.1421 
-10.5519 0.0840 -10.1347 0.1513 
-10.7453 0.0792 -10.3145 0.1366 
-10.8125 0.0791 -10.4048 0.1358 
-10.8760 0.0798 -10.4692 0.1416 
-8.3633 0.1076 -8.4422 0.0530 
-8.9060 0.1032 -8.9290 0.0558 
-9.2267 0.0976 -9.2002 0.0337 
-9.4523 0.0924 -9.3581 0.0315 
-9.6285 0.0890 -9.4750 0.0285 
-9.7793 0.0873 -9.5616 0.0280 
-9.9113 0.0862 -9.6382 0.0302 
-10.0214 0.0849 -9.7039 0.0230 
-10.1214 0.0837 -9.7705 0.0251 
-10.2121 0.0826 -9.8358 0.0230 
-10.2913 0.0818 -9.8901 0.0224 
-10.3659 0.0816 -9.9364 0.0224 
-10.4443 0.0817 -9.9750 0.0235 
-10.5063 0.0812 -10.0072 0.0247 
-10.5627 0.0803 -10.0375 0.0269 
-10.6235 0.0802 -10.0681 0.0286 
-10.6759 0.0801 -10.0943 0.0278 
-10.7260 0.0801 -10.1192 0.0281 
-10.9746 0.1069 -10.2747 0.1386 
-11.1612 0.1042 -10.3126 0.1202 
-11.2664 0.0986 -10.3650 0.1186 
-11.3300 0.0967 -10.4343 0.1184 
-11.3424 0.0932 -10.5135 0.1183 
-11.3522 0.0843 -10.5338 0.1182 
-11.3669 0.0747 -10.5607 0.1182 
-11.3874 0.0700 -10.6033 0.1182 
-11.4038 0.0682 -10.6446 0.1182 
-11.4359 0.0678 -10.6878 0.1182 
-11.4505 0.0683 -10.7137 0.1182 
-11.4961 0.0687 -10.7497 0.1183 
-11.5693 0.0686 -10.7830 0.1182 
-11.6210 0.0688 -10.8408 0.1184 
-11.6600 0.0693 -10.8777 0.1185 
-11.7064 0.0696 -10.8775 0.1186 
-11.7628 0.0695 -10.8897 0.1189 
-11.8168 0.0695 -10.9005 0.1189 
-11.8749 0.0693 -10.9563 0.1195 
-11.9271 0.0692 -10.9580 0.1221 
-11.9725 0.0692 -11.0259 0.1252 
-10.8998 0.1071 -10.3304 0.1556 
-10.8152 0.1062 -10.3558 0.1610 
-10.8171 0.1050 -10.2074 0.1549 
-10.8359 0.1035 -10.2316 0.1536 
-10.8676 0.1016 -10.1780 0.1557 
-11.0234 0.0735 -10.4167 0.1506 
-11.1041 0.0678 -10.5445 0.1502 
-11.2639 0.0689 -10.6415 0.1505 
-11.0176 0.0812 -10.4564 0.2007 
-11.1493 0.0679 -10.4643 0.1945 
-11.2885 0.0702 -10.5532 0.1941 
-11.5010 0.0715 -10.6820 0.1948 
-11.9538 0.1063 -10.5058 0.1507 
-11.7606 0.0784 -10.4484 0.1415 
-11.7874 0.0714 -10.5206 0.1424 
-11.5837 0.0686 -10.5418 0.1435 
-11.5801 0.0694 -10.5810 0.1402 
-11.5722 0.0707 -10.6039 0.1376 
-11.4723 0.0751 -10.6278 0.1370 
-11.3405 0.0785 -10.6429 0.1371 
-11.3023 0.0799 -10.6712 0.1373 
-11.3233 0.0811 -10.7094 0.1377 
-11.3412 0.0818 -10.7532 0.1389 
-11.3861 0.0819 -10.7899 0.1395 
-11.2310 0.0680 -10.6841 0.1418 
-11.2827 0.0706 -10.6705 0.1395 
-11.4497 0.0704 -10.7047 0.1392 
-11.5895 0.0713 -10.7490 0.1397 
-11.2942 0.0678 -10.5279 0.0685 
-11.3066 0.0680 -10.5620 0.0672 
-11.3497 0.0682 -10.5918 0.0662 
-11.4084 0.0682 -10.6240 0.0654 
-11.4069 0.0690 -10.6514 0.0647 
-11.4147 0.0695 -10.6772 0.0642 
-10.9943 0.1029 -10.0000 0.1482 
-10.9444 0.0990 -10.0952 0.1433 
-10.9613 0.0878 -10.1599 0.1394 
-10.9972 0.0807 -10.2629 0.1394 
-11.0940 0.0745 -10.3506 0.1394 
-11.1483 0.0708 -10.4064 0.1393 
-11.2021 0.0688 -10.4505 0.1403 
-11.3063 0.0684 -10.4915 0.1415 
-9.6882 0.0771 -9.3336 0.1254 
-9.6928 0.0771 -9.3388 0.1312 
-9.7031 0.0773 -9.3493 0.1256 
-9.9051 0.0799 -9.5381 0.1257 
-10.0706 0.0820 -9.6701 0.1241 
-10.2088 0.0831 -9.7413 0.1239 
-10.3249 0.0835 -9.8021 0.1234 
-10.4531 0.0829 -9.8805 0.1232 
-10.5695 0.0823 -9.9713 0.1235 
-10.6705 0.0819 -10.0589 0.1233 
-10.7626 0.0808 -10.1326 0.1234 
-10.8431 0.0791 -10.1895 0.1232 
-10.9118 0.0777 -10.2325 0.1232 
-10.9810 0.0762 -10.2699 0.1232 
-11.0447 0.0754 -10.2995 0.1235 
-11.1077 0.0752 -10.3242 0.1280 
-11.1687 0.0755 -10.3496 0.1294 
-8.9896 0.1003 -8.7512 0.0598 
-9.3163 0.0873 -9.2022 0.0625 
-9.6608 0.0769 -9.5067 0.0625 
-10.0152 0.0849 -9.7592 0.0615 
-10.2173 0.0890 -9.8787 0.0609 
-10.3050 0.0888 -9.9421 0.0606 
-10.3895 0.0877 -10.0210 0.0609 
-10.4796 0.0868 -10.0895 0.0610 
-10.5577 0.0852 -10.1403 0.0610 
-10.6169 0.0821 -10.1827 0.0610 
-10.6732 0.0790 -10.2208 0.0609 
-10.7506 0.0785 -10.2432 0.0606 
-10.7901 0.0761 -10.2637 0.0604 
-10.8153 0.0732 -10.2779 0.0601 
-10.8526 0.0712 -10.3078 0.0601 
-10.9037 0.0702 -10.3357 0.0601 
-10.9503 0.0696 -10.3618 0.0601 
-10.9816 0.0682 -10.3872 0.0601 
-11.0214 0.0674 -10.4106 0.0601 
-9.0037 0.1072 -8.9112 0.1089 
-9.0465 0.1068 -9.0110 0.0966 
-9.0743 0.1064 -9.0933 0.0912 
-9.1036 0.1060 -9.1729 0.0912 
-9.1514 0.1054 -9.2476 0.0916 
-9.2198 0.1047 -9.3121 0.0929 
-9.2491 0.1043 -9.3460 0.0978 
-9.2746 0.1040 -9.3715 0.0918 
-9.3315 0.1032 -9.4256 0.0912 
-9.3876 0.1023 -9.4712 0.0913 
-9.4437 0.1012 -9.5132 0.0922 
-9.4988 0.1000 -9.5480 0.0918 
-9.5517 0.0989 -9.5759 0.0963 
-9.6042 0.0982 -9.6017 0.0934 
-9.6536 0.0973 -9.6255 0.0965 
-9.6980 0.0963 -9.6429 0.0914 
-9.7050 0.0961 -9.6470 0.0931 
-9.7398 0.0949 -9.6595 0.0914 
-9.7798 0.0935 -9.6755 0.0910 
-9.8155 0.0923 -9.6931 0.0914 
-9.8516 0.0910 -9.7109 0.0913 
-9.8838 0.0897 -9.7271 0.0912 
-9.9152 0.0885 -9.7424 0.0960 
-9.9454 0.0874 -9.7608 0.0950 
-9.9730 0.0863 -9.7786 0.0969 
-9.9932 0.0856 -9.7911 0.0923 
-10.0005 0.0853 -9.7956 0.0924 
-10.0268 0.0844 -9.8160 0.1217 
-10.0549 0.0834 -9.8335 0.0925 
-10.0744 0.0827 -9.8502 0.0919 
-10.1000 0.0817 -9.8706 0.0950 
-10.1860 0.0783 -9.9395 0.0913 
-10.2014 0.0777 -9.9541 0.1138 
-10.3229 0.0717 -10.0494 0.0974 
-10.4196 0.0657 -10.1044 0.1055 
-10.4954 0.0618 -10.1696 0.1069 
-10.5792 0.0601 -10.2487 0.1010 
-10.6682 0.0596 -10.3601 0.1072 
-10.7594 0.0596 -10.4563 0.1058 
-10.8353 0.0593 -10.5122 0.1046 
-10.9039 0.0592 -10.5538 0.1036 
-8.4317 0.1063 -8.1771 0.1529 
-8.4604 0.1056 -8.2936 0.1469 
-8.5127 0.1045 -8.3918 0.1431 
-8.5581 0.1034 -8.4659 0.1420 
-8.6029 0.1021 -8.5365 0.1410 
-8.6445 0.1008 -8.5972 0.1407 
-8.6781 0.0996 -8.6411 0.1415 
-8.7144 0.0982 -8.6891 0.1410 
-8.7478 0.0968 -8.7286 0.1455 
-8.7725 0.0956 -8.7600 0.1450 
-8.7971 0.0944 -8.7925 0.1453 
-8.8212 0.0931 -8.8227 0.1448 
-8.8440 0.0919 -8.8504 0.1452 
-8.8662 0.0906 -8.8761 0.1492 
-8.8861 0.0895 -8.9005 0.1490 
-8.9085 0.0883 -8.9229 0.1570 
-8.9282 0.0872 -8.9411 0.1540 
-8.9502 0.0860 -8.9608 0.1422 
-8.9695 0.0850 -8.9770 0.1462 
-8.9909 0.0838 -8.9946 0.1452 
-9.0118 0.0828 -9.0112 0.1533 
-9.0321 0.0818 -9.0234 0.1455 
-9.0496 0.0810 -9.0364 0.1470 
-9.0665 0.0803 -9.0487 0.1499 
-9.0848 0.0796 -9.0624 0.1528 
-9.1003 0.0790 -9.0702 0.1627 
-9.1170 0.0784 -9.0827 0.1441 
-9.1326 0.0779 -9.0947 0.1458 
-9.1470 0.0775 -9.1062 0.1415 
-9.1588 0.0772 -9.1122 0.1415 
-9.1697 0.0770 -9.1213 0.1411 
-9.1810 0.0769 -9.1281 0.1429 
-9.1906 0.0768 -9.1365 0.1409 
-9.2009 0.0769 -9.1427 0.1445 
-9.2112 0.0770 -9.1519 0.1495 
-9.2214 0.0772 -9.1607 0.1464 
-9.2305 0.0773 -9.1646 0.1451 
-9.2396 0.0776 -9.1716 0.1458 
-9.3261 0.0802 -9.2193 0.1409 
-9.3342 0.0805 -9.2213 0.1401 
-9.3434 0.0808 -9.2272 0.1407 
-9.3524 0.0812 -9.2300 0.1406 
-9.3841 0.0823 -9.2458 0.1436 
-9.4222 0.0839 -9.2669 0.1401 
-9.4278 0.0842 -9.2668 0.1400 
-9.4350 0.0845 -9.2712 0.1404 
-9.4422 0.0847 -9.2755 0.1406 
-9.4489 0.0850 -9.2788 0.1400 
-9.4569 0.0852 -9.2829 0.1405 
-9.4643 0.0854 -9.2869 0.1406 
-9.4837 0.0861 -9.2961 0.1417 
-9.4980 0.0865 -9.3061 0.1404 
-9.5050 0.0867 -9.3095 0.1402 
-9.5118 0.0869 -9.3129 0.1411 
-9.5184 0.0872 -9.3162 0.1408 
-9.5240 0.0873 -9.3215 0.1403 
-9.5294 0.0875 -9.3240 0.1400 
-9.5350 0.0878 -9.3271 0.1399 
-9.5402 0.0880 -9.3329 0.1402 
-9.5457 0.0882 -9.3352 0.1450 
-9.5509 0.0884 -9.3409 0.1404 
-9.5561 0.0886 -9.3437 0.1401 
-9.5653 0.0889 -9.3501 0.1399 
-9.5782 0.0893 -9.3586 0.1399 
-9.5843 0.0894 -9.3633 0.1418 
-9.6235 0.0900 -9.3870 0.1399 
-9.6297 0.0901 -9.3919 0.1465 
-9.6353 0.0902 -9.3962 0.1407 
-9.6407 0.0904 -9.3982 0.1401 
-9.6460 0.0905 -9.4029 0.1400 
-9.6496 0.0906 -9.4060 0.1400 
-9.7232 0.0919 -9.4636 0.1401 
-9.7940 0.0928 -9.5207 0.1403 
-9.8488 0.0935 -9.5809 0.1401 
-9.9025 0.0939 -9.6335 0.1399 
-9.9647 0.0940 -9.6854 0.1400 
-10.0377 0.0938 -9.7349 0.1399 
-10.1088 0.0935 -9.7728 0.1399 
-10.1665 0.0932 -9.8086 0.1399 
-10.2203 0.0927 -9.8366 0.1399 
-10.2726 0.0920 -9.8629 0.1399 
-10.3225 0.0913 -9.8938 0.1399 
-10.3703 0.0907 -9.9232 0.1399 
-10.4175 0.0904 -9.9545 0.1399 
-10.4643 0.0905 -9.9879 0.1399 
-10.5090 0.0906 -10.0204 0.1400 
-10.5507 0.0905 -10.0492 0.1400 
-10.5900 0.0903 -10.0772 0.1400 
-10.6275 0.0901 -10.1013 0.1399 
-10.6622 0.0896 -10.1215 0.1399 
-10.6916 0.0891 -10.1428 0.1400 
-10.7228 0.0885 -10.1620 0.1400 
-10.7535 0.0881 -10.1805 0.1401 
-10.7839 0.0879 -10.1986 0.1402 
-10.8134 0.0878 -10.2161 0.1400 
-10.8416 0.0876 -10.2299 0.1400 
-10.8684 0.0873 -10.2434 0.1403 
-10.8930 0.0868 -10.2564 0.1402 
-10.9171 0.0864 -10.2690 0.1400 
-10.9414 0.0862 -10.2812 0.1401 
-10.9654 0.0860 -10.2997 0.1406 
-10.9878 0.0857 -10.3181 0.1421 
-11.0091 0.0853 -10.3361 0.1420 
-11.0306 0.0851 -10.3505 0.1410 
-11.0520 0.0850 -10.3578 0.1411 
-11.0725 0.0848 -10.3616 0.1415 
-11.0924 0.0846 -10.3619 0.1412 
-11.1128 0.0846 -10.3653 0.1410 
-11.1333 0.0847 -10.3718 0.1406 
-11.1529 0.0847 -10.3814 0.1407 
-11.1899 0.0845 -10.4131 0.1410 
-11.2278 0.0848 -10.4275 0.1407 
-11.2629 0.0849 -10.4153 0.1408 
-9.1284 0.1046 -9.1542 0.1067 
-9.2842 0.1003 -9.2406 0.1140 
-9.3350 0.0982 -9.2562 0.1089 
-9.5972 0.0839 -9.3403 0.0967 
-9.6422 0.0813 -9.3537 0.0944 
-9.6771 0.0793 -9.3675 0.1010 
-9.7049 0.0778 -9.3844 0.0936 
-9.7212 0.0770 -9.3992 0.0929 
-9.7337 0.0771 -9.4161 0.0934 
-9.7472 0.0778 -9.4305 0.0947 
-9.7630 0.0786 -9.4473 0.0934 
-9.7796 0.0795 -9.4674 0.0917 
-9.7908 0.0806 -9.4855 0.0965 
-9.8005 0.0819 -9.5033 0.0977 
-9.8107 0.0830 -9.5238 0.0945 
-9.8210 0.0842 -9.5433 0.0980 
-9.8339 0.0851 -9.5650 0.0983 
-9.8488 0.0859 -9.5830 0.0931 
-9.8650 0.0866 -9.6039 0.0928 
-9.8701 0.0867 -9.6125 0.0958 
-9.8822 0.0871 -9.6237 0.0952 
-9.9170 0.0881 -9.6663 0.0957 
-9.9339 0.0885 -9.6882 0.0932 
-9.9508 0.0889 -9.7060 0.0947 
-9.9692 0.0892 -9.7276 0.1145 
-9.9872 0.0894 -9.7488 0.0972 
-10.0247 0.0897 -9.7869 0.0932 
-10.1850 0.0888 -9.9036 0.0915 
-10.3289 0.0863 -9.9683 0.0909 
-10.3344 0.0861 -9.9712 0.0955 
-10.3616 0.0855 -9.9824 0.0980 
-10.3760 0.0852 -9.9909 0.1052 
-10.3853 0.0849 -9.9967 0.0961 
-10.3993 0.0845 -10.0052 0.0920 
-10.4127 0.0842 -10.0133 0.0930 
-10.4214 0.0839 -10.0188 0.0927 
-10.4342 0.0835 -10.0269 0.1011 
-10.4379 0.0834 -10.0295 0.0911 
-10.5332 0.0798 -10.1002 0.0908 
-10.6137 0.0766 -10.1583 0.0907 
-10.6971 0.0739 -10.2088 0.0909 
-10.7759 0.0721 -10.2630 0.0912 
-10.8512 0.0715 -10.3165 0.0908 
-10.9258 0.0712 -10.3476 0.0914 
-11.0589 0.0714 -10.3649 0.0920 
-11.1561 0.0723 -10.4070 0.0940 
-8.8803 0.0897 -8.9980 0.1303 
-8.9968 0.0848 -9.0793 0.1237 
-9.0461 0.0827 -9.1144 0.1303 
-9.0899 0.0810 -9.1430 0.1381 
-9.2200 0.0775 -9.2462 0.1317 
-9.2345 0.0773 -9.2569 0.1298 
-9.4844 0.0769 -9.4860 0.1264 
-9.7064 0.0773 -9.6769 0.1356 
-9.8652 0.0783 -9.7744 0.1278 
-9.9883 0.0793 -9.8177 0.1220 
-10.0790 0.0805 -9.8582 0.1217 
-10.1785 0.0803 -9.9170 0.1213 
-10.2638 0.0795 -9.9802 0.1212 
-10.3336 0.0786 -10.0167 0.1212 
-10.4008 0.0778 -10.0648 0.1213 
-10.4671 0.0769 -10.1193 0.1214 
-10.5345 0.0762 -10.1665 0.1214 
-10.6017 0.0756 -10.2027 0.1216 
-10.6712 0.0751 -10.2433 0.1244 
-10.7609 0.0748 -10.2921 0.1220 
-10.8443 0.0748 -10.3256 0.1382 
-10.9884 0.0749 -10.3841 0.1473 
-9.4622 0.0918 -9.7313 0.1387 
-9.5051 0.0897 -9.8023 0.1247 
-9.5372 0.0881 -9.8552 0.1204 
-9.5739 0.0865 -9.8967 0.1200 
-9.6138 0.0848 -9.9324 0.1202 
-9.6518 0.0833 -9.9572 0.1185 
-9.6949 0.0817 -9.9773 0.1185 
-9.7358 0.0802 -9.9912 0.1178 
-9.7682 0.0791 -9.9969 0.1234 
-9.8057 0.0782 -10.0028 0.1341 
-9.8743 0.0770 -10.0058 0.1277 
-9.9064 0.0766 -10.0066 0.1320 
-9.9319 0.0764 -10.0048 0.1153 
-9.9549 0.0762 -10.0036 0.1151 
-9.9786 0.0762 -10.0038 0.1146 
-9.9999 0.0762 -10.0037 0.1153 
-10.0238 0.0763 -10.0068 0.1148 
-10.0458 0.0763 -10.0106 0.1177 
-10.0696 0.0764 -10.0164 0.1141 
-10.0913 0.0763 -10.0220 0.1240 
-10.1127 0.0763 -10.0291 0.1266 
-10.3364 0.0752 -10.1674 0.1152 
-10.5302 0.0736 -10.2979 0.1153 
-10.6699 0.0715 -10.3238 0.1137 
-10.7535 0.0693 -10.3400 0.1266 
-10.7620 0.0691 -10.3461 0.1208 
-10.7702 0.0688 -10.3520 0.1205 
-10.7844 0.0684 -10.3544 0.1136 
-10.7860 0.0684 -10.3554 0.1288 
-10.8735 0.0653 -10.4133 0.1139 
-10.9499 0.0631 -10.4726 0.1138 
-11.0204 0.0615 -10.5084 0.1139 
-11.0866 0.0606 -10.5243 0.1138 
-11.1480 0.0601 -10.5367 0.1139 
-11.2040 0.0600 -10.5534 0.1140 
-11.2571 0.0600 -10.5676 0.1142 
-11.3065 0.0601 -10.5774 0.1140 
-11.4266 0.0600 -10.6627 0.1142 
-11.5326 0.0600 -10.7348 0.1142 
-11.1649 0.1358 -10.5297 0.1559 
-11.2196 0.1354 -10.5384 0.1532 
-11.2370 0.1254 -10.5521 0.1512 
-11.2490 0.1164 -10.5914 0.1508 
-11.2979 0.1170 -10.5900 0.1473 
-11.3331 0.1222 -10.5685 0.1467 
-11.4087 0.1305 -10.4747 0.1409 
-11.4479 0.1354 -10.4632 0.1400 
-11.4359 0.1258 -10.4431 0.1390 
-11.3868 0.1082 -10.4180 0.1380 
-11.3453 0.0951 -10.3933 0.1372 
-11.2577 0.0784 -10.3857 0.1367 
-10.9920 0.0689 -10.3824 0.1516 
-10.9693 0.0696 -10.3820 0.1356 
-10.9909 0.0697 -10.3797 0.1538 
-10.9759 0.1046 -10.1025 0.1544 
-10.8828 0.0999 -9.9616 0.1457 
-10.7916 0.0889 -9.9630 0.1439 
-10.7557 0.0821 -10.0391 0.1435 
-10.7649 0.0788 -10.1227 0.1434 
-10.8216 0.0752 -10.1878 0.1433 
-10.8867 0.0731 -10.2445 0.1433 
-10.9553 0.0710 -10.3139 0.1434 
-11.0784 0.0690 -10.6153 0.0926 
-11.1119 0.0681 -10.6091 0.0718 
-11.1600 0.0699 -10.7165 0.0837 
-11.2198 0.0721 -10.7191 0.0830 
-11.2685 0.0742 -10.7393 0.0937 
-11.3159 0.0759 -10.8045 0.0662 
-10.9284 0.1031 -10.4411 0.1477 
-10.9631 0.0820 -10.4138 0.1431 
-10.9544 0.0732 -10.4645 0.1415 
-11.0140 0.0697 -10.4965 0.1404 
-11.0675 0.0682 -10.5281 0.1402 
-11.1387 0.0679 -10.5692 0.1394 
-11.1578 0.0679 -10.6213 0.1394 
-11.1937 0.0682 -10.6601 0.1393 
-11.5773 0.0711 -10.8458 0.2132 
-8.3528 0.1082 -8.1526 0.1490 
-8.4119 0.1080 -8.3307 0.1455 
-8.4880 0.1076 -8.4548 0.1406 
-8.5556 0.1073 -8.5429 0.1392 
-8.6278 0.1068 -8.6207 0.1402 
-8.6919 0.1062 -8.6856 0.1399 
-8.7412 0.1057 -8.7369 0.1357 
-8.7922 0.1051 -8.7858 0.1356 
-8.8430 0.1045 -8.8327 0.1364 
-8.8806 0.1039 -8.8683 0.1357 
-8.9198 0.1032 -8.9036 0.1354 
-8.9586 0.1024 -8.9392 0.1352 
-8.9925 0.1017 -8.9661 0.1352 
-9.0265 0.1010 -8.9933 0.1355 
-9.0579 0.1002 -9.0221 0.1352 
-9.0866 0.0995 -9.0490 0.1355 
-9.1104 0.0988 -9.0690 0.1353 
-9.1337 0.0981 -9.0930 0.1355 
-9.1545 0.0975 -9.1123 0.1354 
-9.1728 0.0969 -9.1324 0.1353 
-9.1913 0.0963 -9.1531 0.1357 
-9.2096 0.0957 -9.1693 0.1356 
-9.2259 0.0951 -9.1868 0.1357 
-9.2436 0.0945 -9.2050 0.1363 
-9.2612 0.0939 -9.2225 0.1357 
-9.2776 0.0933 -9.2380 0.1357 
-9.2952 0.0927 -9.2507 0.1363 
-9.3114 0.0922 -9.2663 0.1354 
-9.3265 0.0916 -9.2802 0.1355 
-9.3433 0.0910 -9.2948 0.1371 
-9.3599 0.0904 -9.3090 0.1382 
-9.3754 0.0899 -9.3216 0.1354 
-9.3922 0.0893 -9.3349 0.1433 
-9.4087 0.0887 -9.3478 0.1361 
-9.4239 0.0882 -9.3594 0.1365 
-9.4403 0.0876 -9.3716 0.1451 
-9.4564 0.0870 -9.3835 0.1400 
-9.4712 0.0865 -9.3942 0.1352 
-9.4773 0.0862 -9.3985 0.1361 
-9.4870 0.0859 -9.4055 0.1359 
-9.5027 0.0853 -9.4164 0.1383 
-9.5322 0.0843 -9.4404 0.1381 
-9.5475 0.0838 -9.4506 0.1353 
-9.5614 0.0834 -9.4598 0.1353 
-9.5768 0.0830 -9.4696 0.1368 
-9.6463 0.0812 -9.5149 0.1372 
-9.6581 0.0809 -9.5264 0.1367 
-9.6648 0.0807 -9.5310 0.1353 
-9.6706 0.0805 -9.5348 0.1361 
-9.6825 0.0802 -9.5432 0.1355 
-9.6931 0.0798 -9.5507 0.1366 
-9.7043 0.0795 -9.5587 0.1369 
-9.7150 0.0792 -9.5666 0.1387 
-9.7983 0.0772 -9.6276 0.1353 
-9.9186 0.0758 -9.7110 0.1353 
-10.0159 0.0751 -9.7758 0.1351 
-10.1272 0.0745 -9.8330 0.1353 
-10.2219 0.0741 -9.8865 0.1351 
-10.3046 0.0735 -9.9314 0.1352 
-10.3781 0.0729 -9.9744 0.1352 
-10.4359 0.0723 -10.0114 0.1353 
-10.4919 0.0715 -10.0455 0.1353 
-10.5449 0.0707 -10.0825 0.1361 
-10.6401 0.0694 -10.1446 0.1403 
-10.7291 0.0686 -10.2089 0.1485 
-10.8172 0.0681 -10.2848 0.1516 
-10.8957 0.0673 -10.3729 0.1433 
-10.9681 0.0667 -10.4463 0.1386 
-11.0344 0.0662 -10.4814 0.1359 
-11.0864 0.0652 -10.5057 0.1355 
-11.1299 0.0640 -10.5309 0.1376 
-11.1829 0.0629 -10.5391 0.1376 
-10.8843 0.0859 -10.5479 0.1476 
-10.8929 0.0762 -10.4756 0.1419 
-10.9374 0.0723 -10.4984 0.1403 
-10.9969 0.0710 -10.5147 0.1392 
-11.0435 0.0699 -10.5269 0.1385 
-11.1646 0.0952 -10.4223 0.1570 
-11.2899 0.0834 -10.4978 0.1546 
-11.3710 0.0733 -10.5585 0.1544 
-11.4043 0.0685 -10.5917 0.1544 
-11.4230 0.0684 -10.6142 0.1547 
-11.4208 0.0712 -10.6374 0.1548 
-11.4289 0.0739 -10.6738 0.1548 
-11.4551 0.0758 -10.7285 0.1548 
-11.4976 0.0770 -10.7832 0.1546 
-11.5582 0.0775 -10.8196 0.1548 
-11.6289 0.0776 -10.8351 0.1562 
-10.2144 0.1040 -9.7910 0.1603 
-10.2831 0.1015 -9.8001 0.1542 
-10.3665 0.0985 -9.8953 0.1603 
-10.4454 0.0953 -9.9316 0.1519 
-10.4956 0.0927 -9.8951 0.1486 
-10.5559 0.0879 -9.8535 0.1462 
-10.5997 0.0809 -9.8549 0.1451 
-10.6937 0.0727 -9.9318 0.1448 
-10.7877 0.0735 -9.9745 0.1449 
-10.8879 0.0758 -10.0128 0.1449 
-11.0012 0.0727 -10.0946 0.1451 
-11.0767 0.0690 -10.1891 0.1455 
-11.1628 0.0681 -10.2571 0.1457 
-11.2298 0.0678 -10.3093 0.1458 
-11.2697 0.0680 -10.3563 0.1458 
-11.2823 0.0690 -10.3958 0.1458 
-11.2988 0.0702 -10.4326 0.1457 
-11.3406 0.0709 -10.4664 0.1457 
-11.3831 0.0714 -10.4932 0.1456 
-11.4209 0.0719 -10.5173 0.1455 
-11.4445 0.0785 -10.7779 0.1383 
-11.3593 0.0796 -10.7311 0.1304 
-11.7015 0.0770 -10.3828 0.1764 
-11.4016 0.0730 -10.3616 0.1629 
-11.3363 0.0680 -10.2865 0.1588 
-11.2897 0.0697 -10.2819 0.1571 
-11.2330 0.0728 -10.3387 0.1570 
-11.2120 0.0751 -10.3602 0.1572 
-11.2200 0.0764 -10.4009 0.1574 
-11.2529 0.0769 -10.4782 0.1573 
-11.3219 0.0769 -10.6046 0.1635 
-11.3917 0.0764 -10.6519 0.1642 
-11.3074 0.0682 -10.7025 0.2732 
-11.2245 0.0707 -10.6701 0.2707 
-11.1589 0.0738 -10.6750 0.2696 
-11.1521 0.0755 -10.6542 0.2682 
-11.1747 0.0760 -10.6562 0.2675 
-11.4828 0.0685 -10.7352 0.1724 
-11.5467 0.0685 -10.7833 0.1710 
-11.5507 0.0687 -10.8216 0.1697 
-11.5443 0.0679 -10.8420 0.1681 
-10.5715 0.1096 -10.3490 0.1501 
-10.6511 0.1182 -10.1780 0.1453 
-10.6057 0.1089 -10.0959 0.1344 
-10.5405 0.1047 -10.0374 0.1324 
-10.5721 0.1029 -10.0267 0.1316 
-10.6258 0.0985 -10.0151 0.1336 
-10.6513 0.0934 -10.0334 0.1344 
-10.6905 0.0892 -10.0687 0.1325 
-10.7696 0.0864 -10.1125 0.1315 
-10.8550 0.0859 -10.1584 0.1312 
-10.9237 0.0831 -10.1993 0.1315 
-11.0106 0.0803 -10.2529 0.1324 
-11.0919 0.0799 -10.3026 0.1334 
-11.1495 0.0780 -10.3585 0.1365 
-11.1673 0.0736 -10.4042 0.1403 
-11.0176 0.0971 -10.3425 0.1031 
-10.9942 0.0916 -10.3482 0.0779 
-11.0286 0.0865 -10.3512 0.0736 
-11.0557 0.0792 -10.3716 0.0770 
-11.0957 0.0755 -10.4258 0.0792 
-11.1498 0.0747 -10.4683 0.0786 
-11.2047 0.0712 -10.4992 0.0779 
-11.0195 0.1005 -10.1578 0.1474 
-11.1064 0.0980 -10.2457 0.1464 
-11.1025 0.0809 -10.2985 0.1454 
-11.1275 0.0760 -10.3370 0.1425 
-11.2201 0.0791 -10.3640 0.1419 
-11.2259 0.0725 -10.3726 0.1429 
-11.2081 0.0683 -10.3930 0.1424 
-11.2110 0.0679 -10.4419 0.1409 
-11.2032 0.0688 -10.4753 0.1408 
-11.1994 0.0703 -10.5045 0.1439 
-11.1926 0.0721 -10.5352 0.1437 
-11.2274 0.0730 -10.5496 0.1466 
-11.3168 0.0724 -10.5871 0.1468 
-11.3463 0.0731 -10.6277 0.1539 
-9.3566 0.1070 -9.4229 0.2259 
-10.0528 0.0958 -9.9811 0.2170 
-10.1572 0.0920 -10.0554 0.2200 
-10.2102 0.0890 -10.0922 0.2159 
-10.2524 0.0859 -10.1210 0.2159 
-10.2826 0.0821 -10.1509 0.2217 
-10.9800 0.0697 -10.4265 0.2154 
-11.0185 0.0682 -10.4450 0.2255 
-11.1551 0.0604 -10.5414 0.2236 
-11.3396 0.0583 -10.6803 0.2238 
-11.9513 0.1086 -10.4196 0.0796 
-11.6523 0.0724 -10.3942 0.0847 
-11.4259 0.0681 -10.3519 0.0711 
-11.4183 0.0683 -10.3535 0.0714 
-11.3544 0.0695 -10.3949 0.0735 
-11.3758 0.0693 -10.4268 0.0678 
-11.3641 0.0697 -10.4744 0.0677 
-11.4295 0.0685 -10.5183 0.0695 
-9.1199 0.1032 -9.0831 0.1130 
-9.1784 0.1020 -9.1288 0.1220 
-9.2316 0.1007 -9.1692 0.1162 
-9.6932 0.0804 -9.4322 0.1163 
-9.7143 0.0793 -9.4474 0.1124 
-9.7331 0.0784 -9.4565 0.1130 
-9.7497 0.0777 -9.4702 0.1112 
-9.7532 0.0775 -9.4743 0.1124 
-9.7630 0.0771 -9.4823 0.1113 
-9.7739 0.0767 -9.4896 0.1111 
-9.7825 0.0766 -9.5015 0.1150 
-9.7895 0.0766 -9.5111 0.1124 
-9.7978 0.0767 -9.5252 0.1111 
-9.8080 0.0770 -9.5348 0.1114 
-9.8199 0.0773 -9.5448 0.1122 
-9.8324 0.0775 -9.5576 0.1119 
-9.8475 0.0778 -9.5668 0.1126 
-9.8621 0.0780 -9.5788 0.1112 
-9.8767 0.0782 -9.5866 0.1118 
-9.8898 0.0784 -9.5973 0.1150 
-9.9173 0.0788 -9.6200 0.1149 
-9.9309 0.0790 -9.6306 0.1139 
-9.9457 0.0792 -9.6376 0.1135 
-9.9710 0.0795 -9.6558 0.1112 
-9.9738 0.0795 -9.6576 0.1195 
-10.1133 0.0791 -9.7349 0.1113 
-10.2795 0.0782 -9.8127 0.1110 
-10.3631 0.0777 -9.8523 0.1129 
-10.3694 0.0776 -9.8563 0.1171 
-10.3829 0.0775 -9.8644 0.1151 
-10.4081 0.0773 -9.8762 0.1109 
-10.5209 0.0760 -9.9475 0.1109 
-10.6257 0.0746 -10.0136 0.1109 
-10.7221 0.0735 -10.0651 0.1109 
-10.8098 0.0726 -10.1051 0.1108 
-10.8901 0.0724 -10.1469 0.1109 
-10.9692 0.0723 -10.1966 0.1113 
-11.0446 0.0720 -10.2552 0.1169 
-11.1122 0.0717 -10.2997 0.1156 
-11.1744 0.0715 -10.3139 0.1125 
-11.2282 0.0712 -10.3729 0.1145 
-8.3005 0.1080 -8.2923 0.1164 
-8.3918 0.1077 -8.3784 0.1173 
-8.4721 0.1074 -8.4747 0.1221 
-8.5461 0.1071 -8.5587 0.1170 
-8.6081 0.1067 -8.6259 0.1175 
-8.6642 0.1063 -8.6847 0.1175 
-8.7134 0.1059 -8.7313 0.1173 
-8.7591 0.1054 -8.7767 0.1136 
-8.8014 0.1050 -8.8218 0.1156 
-8.8391 0.1045 -8.8644 0.1152 
-8.8807 0.1040 -8.9347 0.1117 
-8.9508 0.1030 -9.0499 0.1165 
-8.9862 0.1024 -9.1077 0.1325 
-9.0206 0.1018 -9.1529 0.1116 
-9.0514 0.1012 -9.1828 0.1284 
-9.2656 0.0964 -9.2648 0.1162 
-9.4122 0.0926 -9.3222 0.1135 
-9.4338 0.0921 -9.3346 0.1135 
-9.4777 0.0909 -9.3569 0.1144 
-9.4971 0.0904 -9.3682 0.1113 
-9.5176 0.0899 -9.3803 0.1113 
-9.5374 0.0894 -9.3921 0.1106 
-9.5565 0.0888 -9.4036 0.1105 
-9.5734 0.0883 -9.4175 0.1107 
-9.6353 0.0864 -9.4599 0.1107 
-9.6695 0.0852 -9.4857 0.1114 
-9.6852 0.0847 -9.4997 0.1109 
-9.6982 0.0842 -9.5082 0.1107 
-9.7122 0.0838 -9.5173 0.1109 
-9.7268 0.0834 -9.5300 0.1132 
-9.7408 0.0830 -9.5387 0.1138 
-9.7598 0.0825 -9.5508 0.1105 
-9.7925 0.0817 -9.5675 0.1225 
-9.8278 0.0808 -9.5829 0.1138 
-9.8403 0.0805 -9.5874 0.1109 
-9.8505 0.0802 -9.5942 0.1109 
-9.8612 0.0799 -9.5978 0.1113 
-9.8620 0.0799 -9.5947 0.1106 
-9.8716 0.0796 -9.6013 0.1131 
-9.8818 0.0794 -9.6047 0.1111 
-9.8913 0.0791 -9.6074 0.1162 
-9.9547 0.0782 -9.6209 0.1104 
-10.0192 0.0776 -9.6398 0.1145 
-10.0287 0.0775 -9.6417 0.1130 
-10.0466 0.0774 -9.6482 0.1104 
-10.1313 0.0769 -9.6968 0.1104 
-10.2070 0.0763 -9.7601 0.1106 
-10.2745 0.0759 -9.8296 0.1109 
-10.3342 0.0756 -9.8971 0.1105 
-10.3912 0.0754 -9.9520 0.1112 
-10.4447 0.0752 -9.9931 0.1104 
-10.5002 0.0748 -10.0238 0.1104 
-10.5462 0.0745 -10.0339 0.1106 
-10.5908 0.0742 -10.0430 0.1106 
-10.6337 0.0738 -10.0434 0.1108 
-10.6723 0.0731 -10.0468 0.1109 
-10.7065 0.0722 -10.0534 0.1109 
-10.7403 0.0710 -10.0684 0.1111 
-10.7682 0.0698 -10.0802 0.1107 
-10.7967 0.0689 -10.0912 0.1110 
-10.8272 0.0682 -10.1053 0.1106 
-10.8574 0.0678 -10.1185 0.1105 
-10.8872 0.0676 -10.1347 0.1108 
-10.9332 0.0674 -10.1689 0.1110 
-10.9801 0.0672 -10.1987 0.1108 
-11.0246 0.0672 -10.2098 0.1110 
-11.0621 0.0671 -10.2184 0.1109 
-11.1441 0.0673 -10.2467 0.1113 
-11.0457 0.0963 -10.6782 0.0990 
-11.1334 0.0900 -10.5270 0.0896 
-11.1757 0.0814 -10.5037 0.0888 
-11.2439 0.0760 -10.6091 0.0982 
-11.3112 0.0725 -10.5901 0.0932 
-10.5307 0.1086 -10.1853 0.0818 
-10.6640 0.1086 -10.2010 0.0802 
-10.7440 0.1062 -10.1797 0.0781 
-10.7771 0.0982 -10.1882 0.0762 
-10.8279 0.0944 -10.2307 0.0709 
-10.8741 0.0904 -10.2754 0.0706 
-10.9021 0.0855 -10.3246 0.0724 
-10.9421 0.0815 -10.3585 0.0702 
-10.9835 0.0794 -10.3875 0.0718 
-11.0017 0.0752 -10.3888 0.0745 
-11.0019 0.0720 -10.4186 0.0791 
-10.6315 0.0851 -10.2206 0.0835 
-10.7173 0.0809 -10.2713 0.0755 
-10.7842 0.0761 -10.3411 0.0849 
-10.8360 0.0727 -10.3840 0.0826 
-10.7720 0.1069 -10.1705 0.1530 
-10.8479 0.0937 -10.2643 0.1471 
-10.8834 0.0844 -10.3446 0.1430 
-10.9292 0.0810 -10.4042 0.1424 
-10.9668 0.0766 -10.4505 0.1419 
-11.0041 0.0713 -10.5005 0.1417 
-11.0703 0.0691 -10.5668 0.1480 
-11.1812 0.0685 -10.6178 0.1480 
-11.2337 0.0683 -10.6429 0.1480 
-10.6060 0.1086 -10.0230 0.0780 
-10.7624 0.1086 -10.1049 0.0819 
-10.8700 0.1040 -10.1882 0.0784 
-10.9196 0.0936 -10.2245 0.0730 
-10.9831 0.0897 -10.2780 0.0727 
-10.9997 0.0825 -10.3160 0.0686 
-10.9938 0.0755 -10.3254 0.0713 
-11.0469 0.0744 -10.3630 0.0712 
-11.0858 0.0722 -10.3888 0.0708 
-11.0874 0.0694 -10.4031 0.0704 
-11.1066 0.0683 -10.4616 0.0741 
-11.1380 0.0679 -10.5085 0.0769 
-11.1683 0.0678 -10.5324 0.0922 
-11.2068 0.0680 -10.5668 0.1001 
-11.2528 0.0683 -10.5945 0.1001 
-10.8861 0.0938 -10.6310 0.0990 
-10.9243 0.0936 -10.6149 0.1003 
-10.9631 0.0938 -10.5779 0.0832 
-10.9970 0.0879 -10.5896 0.0849 
-11.0441 0.0825 -10.6116 0.0787 
-11.0888 0.0786 -10.6393 0.0969 
-11.1318 0.0756 -10.6493 0.0942 
-11.1780 0.0737 -10.6501 0.0915 
-11.2075 0.0733 -10.6549 0.1006 
-10.9662 0.0820 -10.6818 0.1472 
-11.1131 0.0856 -10.7544 0.1361 
-11.2040 0.0795 -10.8095 0.1336 
-11.3344 0.0796 -10.8441 0.1332 
-11.3529 0.0722 -10.8915 0.1335 
-11.3668 0.0692 -10.9151 0.1328 
-11.3718 0.0679 -10.9284 0.1322 
-11.3080 0.0693 -10.9695 0.1324 
-11.3415 0.0705 -11.0172 0.1341 
-11.4089 0.0716 -11.0566 0.1356 
-11.4380 0.0731 -11.0992 0.1364 
-11.5668 0.0719 -11.1362 0.1375 
-10.7012 0.1087 -10.4207 0.0811 
-10.6226 0.1130 -10.2428 0.0639 
-10.6579 0.1123 -10.1179 0.0412 
-10.6802 0.1035 -10.1794 0.0348 
-10.7251 0.0912 -10.2465 0.0340 
-10.7782 0.0844 -10.3117 0.0343 
-10.8546 0.0827 -10.3583 0.0370 
-10.8618 0.0749 -10.3852 0.0415 
-10.8962 0.0752 -10.4209 0.0441 
-10.9220 0.0751 -10.4507 0.0454 
-10.9359 0.0729 -10.4658 0.0420 
-10.6429 0.0847 -10.1887 0.0969 
-10.7397 0.0762 -10.1163 0.0837 
-10.6460 0.1069 -10.1694 0.3033 
-10.8197 0.1067 -10.2962 0.3022 
-10.9285 0.0961 -10.3851 0.3015 
-11.0480 0.0835 -10.4356 0.3007 
-11.1190 0.0724 -10.5001 0.3004 
-11.1323 0.0679 -10.5507 0.3002 
-10.7650 0.1086 -10.4695 0.1579 
-10.7883 0.1099 -10.4365 0.1519 
-10.7861 0.1016 -10.4309 0.1489 
-10.7895 0.0967 -10.3774 0.1458 
-10.7805 0.0911 -10.3442 0.1441 
-10.7594 0.0840 -10.3561 0.1434 
-10.7814 0.0815 -10.3718 0.1429 
-10.8225 0.0793 -10.3893 0.1425 
-10.5607 0.1067 -9.9250 0.1435 
-10.6555 0.0995 -9.8806 0.1401 
-10.7984 0.0854 -9.9087 0.1367 
-10.8817 0.0781 -9.9788 0.1363 
-10.9463 0.0739 -10.0517 0.1362 
-11.0247 0.0717 -10.0988 0.1370 
-11.1049 0.0715 -10.1502 0.1380 
-11.1446 0.0695 -10.1804 0.1384 
-11.1660 0.0680 -10.2056 0.1402 
-11.2160 0.0679 -10.2262 0.1402 
-11.2891 0.1037 -10.5699 0.0925 
-11.2880 0.1044 -10.5588 0.0811 
-11.2948 0.1036 -10.5630 0.0747 
-11.2595 0.0977 -10.5750 0.0707 
-11.2464 0.0916 -10.5437 0.0674 
-11.2314 0.0854 -10.5109 0.0647 
-11.2171 0.0791 -10.4917 0.0643 
-11.1995 0.0760 -10.4872 0.0673 
-11.1962 0.0744 -10.4963 0.0770 
-11.2045 0.0731 -10.5215 0.0862 
-11.2137 0.0732 -10.5201 0.0773 
-11.2378 0.0739 -10.5378 0.0737 
-11.2637 0.0734 -10.5560 0.0715 
-11.2726 0.0727 -10.5635 0.0720 
-11.2717 0.0718 -10.5683 0.0641 
-11.2661 0.0708 -10.5774 0.0617 
-11.2600 0.0700 -10.5938 0.0616 
-11.2508 0.0694 -10.5949 0.0595 
-11.2402 0.0689 -10.6162 0.0583 
-11.2278 0.0684 -10.6339 0.0585 
-11.2153 0.0681 -10.6389 0.0589 
-11.2105 0.0679 -10.6403 0.0599 
-11.2071 0.0679 -10.6484 0.0613 
-11.2074 0.0678 -10.6552 0.0628 
-11.2090 0.0678 -10.6581 0.0641 
-11.2117 0.0678 -10.6578 0.0649 
-11.2257 0.0679 -10.7231 0.0579 
-10.6876 0.0991 -10.2981 0.1518 
-10.7702 0.1014 -10.2535 0.1437 
-10.8549 0.0947 -10.2178 0.1397 
-10.8590 0.0787 -10.2106 0.1379 
-10.9175 0.0725 -10.2376 0.1371 
-11.0229 0.0716 -10.3042 0.1371 
-11.1481 0.0722 -10.3708 0.1372 
-11.2387 0.0714 -10.4001 0.1369 
-11.2916 0.0695 -10.4456 0.1369 
-11.3363 0.0684 -10.4659 0.1366 
-11.3881 0.0679 -10.4908 0.1364 
-10.2327 0.1067 -9.9480 0.1771 
-10.4360 0.0975 -10.0078 0.1687 
-10.6311 0.0886 -10.1709 0.1683 
-10.7622 0.0805 -10.3235 0.1691 
-10.8884 0.0749 -10.4338 0.1695 
-11.0011 0.0712 -10.5281 0.1699 
-11.1062 0.0691 -10.6105 0.1704 
-10.9973 0.1093 -10.1921 0.0709 
-10.9885 0.1087 -10.0824 0.0461 
-10.9375 0.0967 -10.0829 0.0292 
-10.9221 0.0930 -10.1434 0.0278 
-10.9845 0.0932 -10.2007 0.0275 
-11.0150 0.0910 -10.2485 0.0270 
-11.0403 0.0841 -10.2916 0.0270 
-11.0572 0.0791 -10.3192 0.0268 
-11.0631 0.0716 -10.3440 0.0263 
-11.1354 0.0706 -10.3820 0.0258 
-11.1907 0.0696 -10.4142 0.0256 
-11.2696 0.0698 -10.4411 0.0252 
-11.3128 0.0690 -10.4700 0.0252 
-11.2864 0.0678 -10.4972 0.0253 
-11.3347 0.0679 -10.5220 0.0250 
-11.3592 0.0681 -10.5429 0.0249 
-10.4306 0.1083 -9.8432 0.1036 
-10.4015 0.1020 -9.9222 0.0894 
-10.4573 0.0984 -9.9388 0.0821 
-10.5359 0.0957 -9.9553 0.0782 
-10.6163 0.0914 -9.9930 0.0765 
-10.6986 0.0894 -10.0433 0.0756 
-10.7582 0.0825 -10.0956 0.0752 
-10.8118 0.0775 -10.1410 0.0749 
-10.8780 0.0756 -10.1839 0.0747 
-10.9287 0.0735 -10.2319 0.0747 
-10.9595 0.0710 -10.2668 0.0746 
-10.9913 0.0695 -10.3004 0.0745 
-11.0487 0.0690 -10.3344 0.0745 
-11.1039 0.0684 -10.3677 0.0745 
-11.1679 0.0684 -10.4022 0.0746 
-11.2427 0.0687 -10.4328 0.0747 
-11.2773 0.0682 -10.4418 0.0742 
-11.3021 0.0679 -10.4667 0.0742 
-11.3404 0.0678 -10.4896 0.0742 
-11.3738 0.0678 -10.5127 0.0742 
-11.4086 0.0678 -10.5372 0.0743 
-11.4111 0.0681 -10.5569 0.0743 
-11.4331 0.0683 -10.5796 0.0744 
-11.4872 0.0681 -10.5982 0.0744 
-11.5064 0.0684 -10.6237 0.0746 
-11.5223 0.0686 -10.6508 0.0748 
-11.5586 0.0686 -10.6746 0.0750 
-11.5952 0.0685 -10.6860 0.0749 
-11.6134 0.0687 -10.7108 0.0752 
-11.6275 0.0690 -10.7161 0.0749 
-10.9834 0.1006 -10.3837 0.1478 
-10.9038 0.1037 -10.2193 0.1409 
-10.9373 0.0884 -10.2942 0.1354 
-11.0383 0.0809 -10.3955 0.1347 
-11.1987 0.0760 -10.4719 0.1344 
-11.3595 0.0749 -10.5294 0.1341 
-11.4348 0.0705 -10.5703 0.1337 
-11.4749 0.0681 -10.5970 0.1336 
-11.4383 0.0688 -10.6080 0.1339 
-11.4038 0.0716 -10.6615 0.1331 
-11.4291 0.0730 -10.6992 0.1331 
-8.7760 0.1010 -8.8806 0.1370 
-8.9012 0.0979 -8.9427 0.1255 
-9.0204 0.0943 -9.0089 0.1225 
-9.1203 0.0909 -9.0605 0.1178 
-9.2091 0.0878 -9.1167 0.1167 
-9.2920 0.0846 -9.1709 0.1172 
-9.3568 0.0823 -9.2237 0.1179 
-9.4189 0.0804 -9.2832 0.1170 
-9.4738 0.0793 -9.3332 0.1172 
-9.5339 0.0785 -9.3882 0.1167 
-9.5876 0.0781 -9.4426 0.1337 
-10.0652 0.0753 -9.7971 0.1195 
-10.0839 0.0752 -9.8022 0.1210 
-10.1023 0.0752 -9.8076 0.1179 
-10.1195 0.0752 -9.8126 0.1190 
-10.1360 0.0752 -9.8172 0.1172 
-10.1512 0.0753 -9.8208 0.1170 
-10.1650 0.0754 -9.8241 0.1168 
-10.1786 0.0755 -9.8331 0.1174 
-10.1888 0.0757 -9.8405 0.1216 
-10.1985 0.0760 -9.8482 0.1197 
-10.2070 0.0762 -9.8550 0.1204 
-10.2158 0.0766 -9.8626 0.1205 
-10.2237 0.0768 -9.8735 0.1197 
-10.2324 0.0771 -9.8796 0.1183 
-10.2434 0.0773 -9.8909 0.1178 
-10.2834 0.0772 -9.9248 0.1195 
-10.3014 0.0770 -9.9360 0.1215 
-10.3174 0.0768 -9.9499 0.1220 
-10.3352 0.0765 -9.9593 0.1250 
-10.4328 0.0743 -10.0284 0.1169 
-10.5606 0.0711 -10.1202 0.1176 
-10.6626 0.0693 -10.1854 0.1209 
-10.7606 0.0681 -10.2272 0.1201 
-10.8479 0.0671 -10.2589 0.1178 
-10.9263 0.0663 -10.2960 0.1182 
-11.0015 0.0663 -10.3294 0.1211 
-11.1074 0.0667 -10.3744 0.1216 
-11.3455 0.1057 -11.0408 0.0885 
-11.1605 0.0760 -10.9121 0.0686 
-11.1175 0.0708 -10.8138 0.0666 
-11.1512 0.0720 -10.7207 0.0729 
-11.1664 0.0687 -10.7184 0.0640 
-11.1729 0.0678 -10.7501 0.0600 
-9.8997 0.1071 -10.2874 0.0973 
-10.0031 0.1065 -10.1607 0.0678 
-10.1095 0.1058 -10.1172 0.0666 
-10.1898 0.1023 -10.1149 0.0630 
-10.2197 0.0997 -10.1652 0.0667 
-10.2856 0.0968 -10.2049 0.0633 
-10.3494 0.0953 -10.2298 0.0662 
-10.4058 0.0959 -10.2494 0.0705 
-10.4401 0.0917 -10.2647 0.0684 
-10.4817 0.0865 -10.2881 0.0647 
-10.5245 0.0841 -10.3117 0.0621 
-10.5602 0.0810 -10.3124 0.0615 
-10.6085 0.0792 -10.3225 0.0603 
-10.6652 0.0787 -10.3473 0.0626 
-10.7179 0.0781 -10.3703 0.0688 
-10.7428 0.0753 -10.4078 0.0707 
-10.7865 0.0749 -10.4495 0.0721 
-10.8347 0.0750 -10.4675 0.0714 
-10.8642 0.0737 -10.4996 0.0760 
-10.9131 0.0740 -10.5439 0.0958 
-8.5033 0.1063 -8.3882 0.1248 
-8.5946 0.1049 -8.5697 0.1172 
-8.6932 0.1030 -8.6954 0.1153 
-8.7838 0.1010 -8.7937 0.1155 
-8.8655 0.0987 -8.8746 0.1131 
-8.9406 0.0963 -8.9425 0.1159 
-9.0065 0.0940 -8.9995 0.1114 
-9.0682 0.0916 -9.0515 0.1116 
-9.1188 0.0895 -9.0964 0.1113 
-9.1600 0.0878 -9.1385 0.1113 
-9.1968 0.0862 -9.1768 0.1120 
-9.2317 0.0849 -9.2078 0.1114 
-9.2681 0.0835 -9.2405 0.1115 
-9.3045 0.0822 -9.2699 0.1106 
-9.3426 0.0810 -9.2952 0.1107 
-9.3790 0.0801 -9.3180 0.1115 
-9.4148 0.0792 -9.3432 0.1270 
-9.4473 0.0785 -9.3632 0.1173 
-9.4784 0.0779 -9.3827 0.1133 
-9.5052 0.0774 -9.4036 0.1131 
-9.5305 0.0769 -9.4210 0.1150 
-9.5774 0.0765 -9.4557 0.1125 
-9.6019 0.0763 -9.4707 0.1177 
-9.6265 0.0763 -9.4874 0.1150 
-9.6350 0.0763 -9.4902 0.1109 
-9.6503 0.0763 -9.5010 0.1118 
-9.6715 0.0763 -9.5165 0.1119 
-9.6928 0.0763 -9.5320 0.1125 
-9.7357 0.0764 -9.5579 0.1169 
-9.7582 0.0764 -9.5719 0.1111 
-9.8222 0.0764 -9.6135 0.1116 
-9.8428 0.0764 -9.6259 0.1110 
-9.8620 0.0764 -9.6376 0.1151 
-9.9655 0.0767 -9.7122 0.1112 
-9.9818 0.0767 -9.7251 0.1138 
-9.9975 0.0767 -9.7350 0.1119 
-10.1082 0.0768 -9.8216 0.1142 
-10.2137 0.0769 -9.9037 0.1122 
-10.3165 0.0761 -9.9760 0.1108 
-10.3972 0.0752 -10.0394 0.1106 
-10.4699 0.0740 -10.0946 0.1110 
-10.5420 0.0731 -10.1538 0.1117 
-10.6094 0.0725 -10.2081 0.1118 
-10.6782 0.0724 -10.2598 0.1109 
-10.7463 0.0723 -10.3105 0.1109 
-10.8063 0.0720 -10.3547 0.1108 
-10.8593 0.0713 -10.3933 0.1106 
-10.9069 0.0700 -10.4166 0.1106 
-10.9518 0.0692 -10.4301 0.1108 
-10.9998 0.0690 -10.4425 0.1109 
-11.0446 0.0685 -10.4547 0.1107 
-11.0799 0.0675 -10.4685 0.1106 
-11.1084 0.0661 -10.4920 0.1108 
-11.1416 0.0655 -10.5217 0.1114 
-11.1772 0.0651 -10.5551 0.1118 
-11.2110 0.0648 -10.5910 0.1121 
-11.2420 0.0645 -10.6228 0.1108 
-11.2711 0.0640 -10.6472 0.1106 
-11.2959 0.0634 -10.6628 0.1107 
-11.3199 0.0629 -10.6816 0.1112 
-11.3452 0.0625 -10.7006 0.1113 
-11.3702 0.0623 -10.7224 0.1115 
-11.3962 0.0621 -10.7438 0.1107 
-11.4229 0.0621 -10.7575 0.1106 
-11.4475 0.0620 -10.7625 0.1106 
-11.4920 0.0616 -10.7759 0.1110 
-11.5614 0.0614 -10.8043 0.1116 
-11.0044 0.1017 -10.3594 0.2048 
-11.0418 0.0927 -10.3740 0.1998 
-11.0889 0.0786 -10.4546 0.1987 
-11.0557 0.0698 -10.5300 0.1982 
-11.0825 0.0680 -10.5920 0.1978 
-11.1719 0.0678 -10.6491 0.1976 
-9.7768 0.1086 -9.9588 0.0862 
-9.7622 0.1085 -9.9445 0.0946 
-9.7794 0.1085 -9.7759 0.1032 
-9.8116 0.1085 -9.7108 0.0812 
-9.8413 0.1086 -9.7030 0.0792 
-9.8674 0.1086 -9.6588 0.0802 
-9.8855 0.1086 -9.6138 0.0773 
-9.8760 0.1086 -9.6431 0.0786 
-9.8563 0.1086 -9.6996 0.0854 
-9.8148 0.1086 -9.7361 0.0724 
-9.7780 0.1086 -9.6885 0.0695 
-9.7748 0.1086 -9.6881 0.0683 
-9.7985 0.1086 -9.6644 0.0689 
-9.8134 0.1084 -9.6692 0.0670 
-9.8209 0.1079 -9.6731 0.0689 
-9.8276 0.1075 -9.6878 0.0698 
-9.8388 0.1073 -9.6604 0.0674 
-9.8524 0.1072 -9.6873 0.0679 
-9.8624 0.1073 -9.7126 0.0937 
-9.8778 0.1075 -9.7091 0.0715 
-9.9206 0.1074 -9.7367 0.0729 
-10.0056 0.1072 -9.7825 0.0717 
-10.0512 0.1071 -9.8263 0.0715 
-10.0757 0.1069 -9.8375 0.0685 
-10.1206 0.1044 -9.8738 0.0682 
-10.1744 0.1009 -9.9251 0.0718 
-10.2409 0.1011 -10.0259 0.0704 
-10.3173 0.1008 -10.0687 0.0692 
-10.3906 0.1016 -10.0846 0.0674 
-10.4585 0.1015 -10.1094 0.0677 
-10.5146 0.0992 -10.1873 0.0680 
-10.5779 0.0990 -10.1708 0.0686 
-10.6428 0.0995 -10.1902 0.0683 
-10.6900 0.0977 -10.2209 0.0676 
-10.7368 0.0971 -10.2621 0.0713 
-10.5873 0.1013 -10.4043 0.2954 
-10.6384 0.0956 -10.5516 0.2937 
-10.7258 0.0838 -10.6105 0.2930 
-10.8812 0.0827 -10.6593 0.2924 
-11.3939 0.0711 -10.6591 0.2004 
-11.3357 0.0701 -10.7079 0.2005 
-11.3259 0.0756 -10.7389 0.2000 
-11.4422 0.0774 -10.7883 0.2000 
-11.5349 0.0788 -10.8354 0.2003 
-8.6781 0.0994 -8.5713 0.1848 
-8.7217 0.0976 -8.5932 0.1828 
-8.7500 0.0963 -8.6074 0.1823 
-8.7715 0.0951 -8.6212 0.1822 
-8.7942 0.0938 -8.6427 0.1823 
-8.8149 0.0927 -8.6599 0.1827 
-8.8361 0.0916 -8.6778 0.1826 
-8.8582 0.0905 -8.6967 0.1845 
-8.8858 0.0891 -8.7228 0.1830 
-8.9081 0.0880 -8.7436 0.1822 
-8.9301 0.0869 -8.7659 0.1828 
-8.9520 0.0859 -8.7869 0.1844 
-8.9758 0.0848 -8.8090 0.1837 
-8.9969 0.0838 -8.8304 0.1849 
-9.0170 0.0829 -8.8538 0.1826 
-9.0357 0.0821 -8.8733 0.1825 
-9.0575 0.0813 -8.8960 0.1840 
-9.0746 0.0806 -8.9167 0.1832 
-9.0909 0.0801 -8.9338 0.1855 
-9.1060 0.0796 -8.9502 0.1835 
-9.1108 0.0794 -8.9555 0.1826 
-9.1217 0.0791 -8.9677 0.1822 
-9.1354 0.0787 -8.9829 0.1823 
-9.1484 0.0784 -8.9975 0.1827 
-9.1612 0.0781 -9.0117 0.1841 
-9.1887 0.0776 -9.0402 0.1847 
-9.2303 0.0770 -9.0774 0.1876 
-9.2953 0.0767 -9.1315 0.1903 
-9.3077 0.0768 -9.1418 0.1874 
-9.3330 0.0768 -9.1628 0.1912 
-9.3422 0.0769 -9.1703 0.1820 
-9.3461 0.0769 -9.1735 0.1839 
-9.3697 0.0770 -9.1950 0.1838 
-9.3815 0.0771 -9.2040 0.1834 
-9.3944 0.0772 -9.2138 0.1838 
-9.4059 0.0773 -9.2254 0.1823 
-9.4419 0.0775 -9.2551 0.1847 
-9.4467 0.0776 -9.2616 0.1820 
-9.4528 0.0776 -9.2660 0.1831 
-9.4634 0.0777 -9.2769 0.1822 
-9.4740 0.0778 -9.2845 0.1845 
-9.4855 0.0779 -9.2959 0.1846 
-9.4958 0.0780 -9.3033 0.1898 
-9.5059 0.0780 -9.3137 0.1852 
-9.5159 0.0781 -9.3208 0.1855 
-9.5266 0.0782 -9.3317 0.1823 
-9.5370 0.0783 -9.3393 0.1825 
-9.5461 0.0784 -9.3492 0.1830 
-9.5552 0.0785 -9.3559 0.1825 
-9.5641 0.0785 -9.3625 0.1827 
-9.5739 0.0786 -9.3697 0.1850 
-9.5806 0.0787 -9.3747 0.1819 
-9.5824 0.0787 -9.3761 0.1895 
-9.5909 0.0788 -9.3823 0.1835 
-9.5993 0.0788 -9.3885 0.1904 
-9.6341 0.0791 -9.4107 0.1847 
-9.6432 0.0791 -9.4171 0.1842 
-9.6514 0.0792 -9.4198 0.1861 
-9.6920 0.0793 -9.4380 0.1819 
-9.8036 0.0796 -9.4783 0.1820 
-9.9140 0.0798 -9.5133 0.1825 
-10.2661 0.0926 -9.5265 0.0761 
-10.2945 0.0939 -9.6549 0.0776 
-10.3344 0.0979 -9.7088 0.0698 
-10.3398 0.1035 -9.7518 0.0689 
-10.3572 0.1069 -9.7932 0.0620 
-10.3857 0.1069 -9.8221 0.0608 
-10.4229 0.1036 -9.8838 0.0610 
-10.4458 0.0983 -9.9212 0.0607 
-10.4677 0.0932 -9.9468 0.0601 
-10.5018 0.0895 -9.9723 0.0596 
-10.5463 0.0874 -10.0120 0.0597 
-10.5925 0.0866 -10.0384 0.0595 
-10.6429 0.0867 -10.0523 0.0590 
-10.6937 0.0868 -10.1196 0.0688 
-10.7343 0.0857 -10.1467 0.0602 
-10.7621 0.0829 -10.1545 0.0596 
-10.7861 0.0801 -10.1717 0.0594 
-10.8154 0.0789 -10.2016 0.0596 
-10.8575 0.0794 -10.2409 0.0635 
-10.9012 0.0802 -10.2796 0.0734 
-10.9342 0.0799 -10.3030 0.0802 
-10.9734 0.0774 -10.3436 0.0950 
-10.9986 0.0771 -10.3947 0.0690 
-11.0215 0.0775 -10.3925 0.0767 
-11.0316 0.0773 -10.4086 0.0673 
-11.0536 0.0739 -10.4353 0.0620 
-11.0487 0.0708 -10.4655 0.0625 
-11.0406 0.0690 -10.4839 0.0626 
-11.2842 0.0920 -10.5172 0.1523 
-11.2731 0.0843 -10.4730 0.1450 
-11.3235 0.0806 -10.5218 0.1442 
-11.3763 0.0828 -10.5424 0.1458 
-11.3844 0.0786 -10.5761 0.1461 
-11.4057 0.0751 -10.6120 0.1465 
-11.3786 0.0724 -10.6356 0.1448 
-11.3606 0.0684 -10.6610 0.1422 
-11.3321 0.0679 -10.6886 0.1417 
-11.3373 0.0686 -10.7124 0.1420 
-11.3584 0.0690 -10.7265 0.1420 
-11.3645 0.0698 -10.7605 0.1415 
-11.3811 0.0702 -10.7893 0.1414 
-11.1348 0.1069 -10.4036 0.1925 
-11.1642 0.1235 -10.3834 0.1909 
-11.2134 0.1099 -10.3939 0.1843 
-11.2357 0.0983 -10.4439 0.1823 
-11.3051 0.0905 -10.4829 0.1795 
-11.3233 0.0795 -10.5137 0.1777 
-11.3399 0.0763 -10.5528 0.1769 
-11.4085 0.0734 -10.5762 0.1765 
-11.4086 0.0686 -10.6164 0.1767 
-11.4274 0.0678 -10.6451 0.1774 
-11.4391 0.0683 -10.6661 0.1776 
-11.4181 0.0699 -10.6851 0.1770 
-11.3839 0.0724 -10.6983 0.1763 
-11.3590 0.0745 -10.7003 0.1760 
-11.3384 0.0764 -10.6877 0.1754 
-11.3363 0.0777 -10.6944 0.1753 
-11.2219 0.0706 -10.6770 0.0788 
-11.1282 0.0733 -10.5881 0.0672 
-11.1833 0.0758 -10.5802 0.0656 
-11.2842 0.0769 -10.5904 0.0649 
-11.4245 0.0762 -10.6542 0.0740 
-11.5959 0.0745 -10.7043 0.0705 
-11.7575 0.0747 -10.7867 0.0571 
